14149
10743

14149
10739

14149
10741

14149
10742

14149
10724

14229
10799

14229
10478

14229
10584

14225
10796

14225
10794

14225
10790

14148
10740

14148
10760

14148
10697

14148
10727

14224
10816

14224
10817

14224
10818

14147
10589

14147
10586

14147
10744

14147
10594

14147
8404

14181
10732

14181
10731

14181
10733

14181
10747

14181
10749

14146
10773

14146
10774

14146
10771

14146
10772

14146
10768

14146
10769

14145
10682

14145
10683

14145
10723

14145
10681

14145
10738

14180
10726

14180
10725

14180
10571

14180
10569

14180
10698

14144
10702

14144
10694

14144
10298

14144
10299

14144
10696

13909
10711

13909
10563

13909
10570

13909
10699

14179
10720

14179
10715

14179
10717

14179
10719

14179
10716

14179
10714

13908
10706

13908
10710

13908
10705

13908
10709

13908
10708

14174
10451

14174
10412

14174
10420

14174
10421

14174
10461

13906
10582

13906
10572

13906
10564

13906
10566

13906
10561

13905
10006

13905
10456

13905
10524

13905
10635

13905
10634

13905
10674

13904
10070

13904
10190

13904
10664

13904
10537

13904
10389

13952
10419

13952
10654

13952
10638

13952
10152

13903
10549

13903
10550

13903
10548

13903
10546

13903
10547

13903
10551

13902
10615

13902
10616

13902
10619

13902
10620

13902
10617

13902
10618

13901
10581

13901
10578

13901
10579

13901
10577

13901
10580

13935
10418

13935
10588

13935
10377

13935
10587

13935
7832

13900
10516

13900
10508

13900
10515

13900
10573

13900
10574

13899
10510

13899
10509

13899
10514

13899
10513

13899
10512

13899
10511

13898
10238

13898
10487

13898
10489

13898
10457

13898
10391

13898
10484

13751
10387

13751
10297

13751
9995

13751
10486

13751
10505

13750
4810

13750
10466

13750
7891

13750
10465

13750
10274

13765
10428

13765
10430

13765
10422

13764
10401

13764
8774

13764
10413

13749
10376

13749
10459

13749
10468

13749
10463

13749
10469

13749
10375

13748
10310

13748
10309

13748
10005

13748
10288

13748
10386

13748
10289

13747
10384

13747
10380

13747
10382

13747
10408

13747
10395

13803
10355

13803
10360

13803
10027

13803
10356

13803
10396

13763
7814

13763
10319

13763
10314

13762
10370

13762
10316

13762
8766

13699
10233

13699
10231

13699
10235

13699
10232

13699
10369

13761
10188

13761
10361

13761
10256

13760
10325

13760
10103

13760
10333

13698
10341

13698
10336

13698
10342

13698
10337

13698
10343

13759
10335

13759
10241

13759
10317

13758
10331

13758
10326

13758
8693

13757
10324

13757
10329

13757
10330

13742
10187

13742
7952

13742
8004

13697
10243

13697
10275

13697
8702

13697
10229

13697
10294

13696
10268

13696
10266

13696
10265

13696
10267

13731
10282

13731
10280

13731
10279

13695
10013

13695
10195

13695
10009

13695
10007

13695
10191

13730
10285

13730
10286

13730
10284

13729
9926

13729
9928

13729
10255

13694
10178

13694
10153

13694
10295

13694
10154

13694
9873

13728
9929

13728
10004

13728
10254

13522
10261

13522
10258

13522
10259

13522
10281

13522
10171

13522
10257

13521
9921

13521
8376

13521
7583

13521
9887

13521
10138

13678
9800

13678
8461

13678
9759

13677
7995

13677
8448

13677
8704

13533
10197

13520
8729

13520
10251

13533
10198

13520
8560

13520
10246

13533
10199

13676
7748

13676
7783

13676
7746

13675
7305

13675
7310

13675
7306

13532
10207

13532
10206

13532
10205

13519
10183

13519
10184

13519
10180

13519
10182

13519
10185

13674
2242

13674
2409

13674
2407

13518
10155

13518
9984

13518
10046

13518
8785

13518
10044

13673
2931

13673
6208

13673
6226

13517
8066

13531
8002

13517
10186

13517
10146

13517
9894

13531
7591

13517
10196

13531
7731

13516
10095

13516
10118

13516
10117

13516
9834

13515
10172

13515
10176

13530
10176

13515
10177

13530
10177

13515
10170

13530
10173

13515
10174

13529
9858

13514
9975

13514
9977

13514
9966

13514
9976

13529
9864

13529
10042

13513
10036

13513
10123

13513
10072

13513
10033

13513
9751

13528
9868

13512
10074

13528
10111

13512
10104

13528
10104

13512
9871

13512
10105

13512
10107

13511
9963

13511
9914

13527
9914

13527
10057

13511
9916

13511
9915

13511
9917

13527
9917

13511
10058

13510
10055

13510
10077

13510
10078

13510
10085

13510
10054

13509
8211

13509
10073

13526
10064

13509
9886

13509
9945

13509
10071

13526
10071

13526
9821

13508
9942

13508
9925

13508
9943

13508
9944

13508
9924

13525
9987

13507
9904

13507
9902

13507
9905

13507
8576

13525
9985

13507
9857

13525
10010

13506
9877

13506
9934

13506
9958

13524
9958

13506
9978

13524
9957

13506
9933

13506
9954

13524
9955

13505
9895

13505
8673

13523
9750

13523
9946

13505
8786

13523
9748

13505
8394

13505
8772

13504
9839

13504
9837

13504
9922

13504
9840

13504
9844

13503
8481

13503
8479

13503
8480

13503
8478

13503
8477

13486
9804

13486
9818

12183
9752

13486
9803

12183
9753

12183
7620

12183
8692

12182
8817

12182
9727

12182
9728

12182
9729

12182
9733

12181
8012

12181
9828

12181
9823

12181
9810

12181
9830

12180
8462

12180
9754

13485
9754

12180
8467

13485
9730

12180
9822

13485
9822

12180
9802

13484
7858

12179
9794

13484
9794

12179
9824

13484
7920

12179
9791

12179
9793

12179
9790

12178
8427

12178
8813

13483
9769

12178
9770

12178
8801

13483
9771

12178
8791

13483
9772

12178
8784

12177
9764

12177
9761

12177
9757

12177
9744

12177
9760

13502
8821

12240
8821

13502
8731

12240
8731

13502
9731

12240
9731

12176
9755

12176
8154

12176
8216

12176
8215

12176
8155

13495
8567

12175
8567

13495
8568

12175
8568

12175
8569

12175
8572

13495
8571

12175
8571

12239
9717

12227
9717

12239
9716

12227
9716

12239
9721

12227
9721

12174
8302

12174
8504

12174
8508

12228
8814

12174
8590

12228
9718

12228
9715

12174
8310

12019
8180

12019
8775

12019
8603

12018
8768

12018
8738

12015
8781

12016
8782

12015
4636

12016
8769

12017
8767

12016
8043

12015
8780

12018
8820

12017
8818

12017
8819

12173
8314

12173
8776

12173
8320

12173
8315

12173
8321

12226
8789

12226
8787

12226
8790

12172
8764

12172
8753

12172
8778

12172
8765

12172
8763

12171
8758

12171
8711

12171
8761

12171
8754

12171
8760

12212
8728

12212
8777

12212
8770

12170
8157

12170
8158

12170
8160

12170
8161

12170
8144

12169
8743

12169
8746

12169
8762

12169
8745

12169
8725

12168
8584

12168
8615

12168
8587

12168
8721

12168
8740

11129
8736

11129
8582

11129
8469

11129
8464

11129
8463

11128
8546

11128
8734

11128
8547

11128
8593

11128
8594

12046
8723

12046
8712

12046
8713

11127
8495

11127
8607

11127
8496

11127
8391

11127
8730

12014
8616

12014
8676

12014
8610

11126
8707

11126
8536

11126
8561

11126
8705

11126
8706

12013
7992

12013
8525

12013
7343

11125
8175

11125
8202

11125
8488

11125
8620

11125
8291

12012
8570

12012
8599

12012
8605

12011
8598

12011
6851

12011
8641

12058
7643

12058
8018

12058
8098

12008
8142

12008
8608

12008
8609

12007
8600

12007
8595

12007
8596

11124
8510

11124
8589

11124
8300

11124
8516

11124
8307

11150
8445

11150
8447

11150
8563

11123
6125

11123
8559

11123
8545

11123
8543

11151
8554

11151
8580

11151
8553

11122
8473

11122
8564

11122
8519

11122
8565

11122
8518

11122
8520

11153
8213

11153
8195

11153
8197

11121
8539

11121
8084

11121
8527

11121
8538

11121
8086

11120
8444

11120
7953

11120
8486

11120
8540

11120
8541

10810
8458

11144
8483

10810
8483

11144
8474

10810
8474

10810
8471

11144
8482

10810
8482

10808
6866

10809
8313

11140
7659

10808
7659

11140
7756

10808
7756

11140
8199

10808
8199

10808
7657

10809
8312

10809
8279

10807
8140

10806
8397

11119
8398

10806
8398

11119
8383

10806
8383

11119
8396

10806
8396

10806
8275

10807
8456

10807
8265

10805
8316

11116
8470

10805
8470

11116
8319

10805
8319

11116
8454

10805
8454

10805
8238

11113
8413

10804
8413

11113
8414

10804
8414

10804
8415

11113
8419

10804
8419

10804
8418

10803
8295

11109
8228

10802
8228

10803
8402

11109
8183

10802
8183

11109
8395

10802
8395

10802
7817

10803
7833

11105
8400

10800
8400

10800
8442

10801
8239

10801
8109

10801
8108

11105
8440

10800
8440

10800
8174

11105
8401

10800
8401

10799
8096

11101
8303

10798
8303

10799
8088

10798
8273

10799
8141

11101
8390

10798
8390

10798
8282

11101
8304

10798
8304

11094
8261

10796
8261

10796
8045

11094
8378

10796
8378

11094
6555

10796
6555

10796
8288

10794
8267

11090
8318

10794
8318

10795
8159

10795
8250

11090
8268

10794
8268

10794
8317

11090
8269

10794
8269

10795
8252

10793
8284

11087
8224

10793
8224

11087
8225

10793
8225

11087
8374

10793
8374

10980
7708

10980
8292

10980
8277

10958
8030

10958
8266

10979
7357

10958
8253

10979
8254

10979
8242

10956
8248

10956
8256

10957
8169

10957
8306

10957
8049

10956
8246

10949
8047

10949
7474

10949
8000

10792
8221

10971
8051

10791
8051

10791
7521

10791
6649

10971
8087

10791
8087

10971
6587

10791
6587

10792
8260

10792
6692

10964
8222

10789
8222

10790
7888

10790
8020

10789
8143

10964
8065

10789
8065

10964
8223

10789
8223

10789
8005

10790
7855

10787
7726

10960
8240

10787
8240

10960
8243

10787
8243

10788
8137

10788
7744

10787
7703

10960
8262

10787
8262

10788
7902

10786
8185

10953
8186

10786
8186

10953
8016

10786
8016

10953
7967

10786
7967

10786
7863

10785
8178

10946
8193

10785
8193

10946
8192

10785
8192

10946
8179

10785
8179

10785
8041

10936
8247

10941
8245

10936
8245

10941
8241

10936
8241

10936
8249

10941
8244

10936
8244

10783
7810

10784
8054

10937
8181

10783
8181

10937
8212

10783
8212

10784
8055

10784
7791

10783
7816

10937
8204

10783
8204

10924
8151

10934
8151

10924
8149

10934
8149

10924
8205

10934
8205

10925
7973

10781
7973

10781
7747

10781
7827

10782
8187

10925
8177

10781
8177

10782
8120

10925
8171

10781
8171

10782
8121

10908
8148

10922
8148

10908
7738

10922
7738

10908
8150

10922
8150

10780
7856

10919
7575

10780
7575

10919
7787

10780
7787

10780
7860

10919
7600

10780
7600

10891
6177

10917
6177

10891
7554

10917
7554

10891
8111

10917
8111

10779
8136

10779
8094

10779
8070

10778
8152

10778
8060

10778
8062

10778
7375

10899
4432

10906
4432

10899
7296

10906
7296

10899
7312

10906
7312

10897
7846

10897
7811

10897
4516

10898
8162

10898
8110

10898
7501

10889
8099

10889
8114

10889
8023

10881
7557

10881
6381

10881
7552

10888
8146

10888
8118

10888
8101

10777
7884

10777
7868

10777
7869

10777
8058

10777
7927

10776
7850

10776
7602

10775
8015

10775
7735

10775
8048

10775
8056

10776
7660

10775
8077

10774
7994

10774
8064

10773
8014

10773
8009

10773
8019

10774
8059

10773
8025

10773
8010

10772
8027

10772
7877

10772
7876

10772
7875

10772
8026

10770
7854

10770
7707

10770
7701

10770
7702

10771
8037

10771
8036

10771
8039

10770
7862

10768
7845

10768
7716

10768
7694

10769
7831

10769
7955

10769
7594

10768
7705

10768
7834

10767
7867

10767
8017

10766
4593

10767
7968

10766
6254

10766
2432

10766
6406

10765
7901

10765
7353

10765
6608

10765
7921

10765
7929

10843
7721

10843
7848

10843
7849

10841
7614

10842
6778

10841
7880

10842
2942

10842
7883

10841
7621

10840
7828

10839
7881

10840
6668

10839
7769

10840
6874

10839
7768

10712
7761

10712
7886

10712
7759

10712
7539

10712
7894

10711
7654

10711
7248

10711
7658

10711
7774

10711
4471

10710
7839

10710
7843

10710
7838

10710
7847

10709
7777

10709
7481

10709
2292

10709
6879

10709
7822

10675
7772

10675
7773

10675
4844

10675
7247

10675
6764

10674
7587

10674
7606

10674
7788

10674
7593

10674
7613

10763
6742

10764
7808

10764
7805

10763
7770

10763
7803

10764
7806

10673
4585

10673
7601

10673
7763

10673
6067

10673
7766

10672
7753

10672
7754

10672
7751

10672
7752

10672
7760

10671
7741

10671
7652

10671
7584

10671
7541

10671
7633

10759
7668

10759
7733

10759
7743

10670
7408

10670
7681

10670
7684

10670
7682

10670
7683

10751
7622

10751
7544

10751
7335

10669
6763

10669
7239

10669
7649

10669
7238

10669
7650

10749
7615

10752
7615

10749
7352

10752
7352

10749
7347

10752
7347

10743
7506

10743
7670

10743
7692

10742
7672

10750
7672

10742
7671

10750
7671

10742
7520

10750
7520

10738
7316

10738
7260

10738
7571

10735
7636

10746
7636

10735
6641

10746
6641

10735
7642

10746
7642

10731
7538

10731
7627

10731
7641

10730
7479

10730
7619

10730
7634

10668
7576

10668
7332

10668
7540

10668
7625

10668
7252

10721
7558

10713
7612

10721
7553

10721
7308

10713
7648

10713
7528

10667
7476

10667
7509

10667
6802

10667
7533

10667
6784

10720
7555

10720
7556

10729
7609

10729
7537

10729
7607

10720
7496

10666
7410

10666
7412

10666
7415

10666
7413

10666
7411

10714
6458

10715
7536

10714
7572

10715
7535

10715
6532

10714
7534

10665
7585

10665
7397

10665
7512

10665
6876

10716
7546

10716
7549

10718
7565

10718
7570

10716
7547

10718
7563

10705
7342

10705
7515

10706
7518

10705
7514

10706
4697

10706
7495

10702
7522

10703
7502

10702
7525

10703
7500

10703
7523

10702
7494

10664
7505

10664
7503

10664
7504

10664
7507

10663
7421

10663
7420

10663
7423

10663
6539

10663
7422

10656
7237

10656
7428

10656
6868

10662
7385

10662
7424

10662
7386

10662
7387

10662
7289

10655
7374

10655
6823

10655
7425

10661
7407

10661
7473

10661
7417

10661
7418

10661
7406

10654
7388

10654
7288

10654
7429

10660
7351

10660
7350

10660
7313

10660
7336

10660
6090

10653
6509

10653
6583

10653
6557

10659
7337

10659
7363

10659
6835

10659
7279

10659
7384

10652
6883

10652
7318

10652
6882

10658
7249

10658
7244

10658
7245

10658
7358

10658
7246

10651
7329

10651
7330

10651
7331

10657
7291

10657
7259

10657
7294

10657
7295

10650
7321

10650
6744

10650
6745

10012
7309

10012
6175

10012
6402

10012
7323

10012
7277

10077
6586

10077
7276

10077
7241

10011
7280

10011
7261

10011
7265

10011
7266

10011
6479

10076
7271

10076
7272

10076
7270

10010
7256

10010
6856

10010
7257

10010
7255

10010
7263

10075
6740

10075
6734

10075
7278

10009
5955

10009
6010

10009
6845

10009
7243

10009
7290

10074
7258

10074
7262

10074
6494

10008
6620

10008
6852

10008
7250

10008
6855

10008
6854

10073
6796

10073
6795

10073
6794

10007
6872

10007
6600

10007
6871

10007
6834

10007
6832

10072
6859

10072
6873

10072
6867

10136
6830

10136
6819

10136
6877

10135
6820

10134
6860

10134
6810

10135
6103

10134
6844

10135
6238

10132
6861

10132
6865

10132
6831

10133
6161

10133
6624

10133
6461

10006
6736

10006
6597

10006
6730

10006
6731

10006
6803

10071
6786

10071
6809

10071
6825

10005
6827

10005
6765

10005
6828

10005
6680

10005
6822

10070
6772

10070
6829

10070
6768

10004
6808

10004
6767

10004
6766

10004
6811

10004
6807

10069
6791

10069
3454

10069
3453

10003
6813

10003
6580

10003
6674

10003
6782

10003
6603

10068
6817

10068
6658

10068
6783

10111
6790

10120
6790

10111
6648

10120
6648

10111
6718

10120
6718

10113
6761

10119
6761

10113
6762

10119
6762

10113
6760

10119
6760

10002
6800

10002
6665

10002
6779

10002
6804

10002
6646

10112
6777

10112
6520

10112
4648

10110
6679

10110
4798

10110
6693

10001
6598

10001
6757

10001
6771

10001
6758

10001
6755

10000
6708

10000
6398

10000
6400

10000
6442

10104
6750

10106
6750

10104
6723

10106
6723

10104
6695

10106
6695

10067
6729

10067
6596

10067
6588

10100
6725

10100
6414

10100
1289

10097
6640

10097
6726

10097
6051

9999
6715

9999
6714

9999
6713

9999
6149

9999
6151

10095
6682

10103
6682

10095
6163

10103
6163

10095
6719

10103
6719

10066
6721

10066
6722

10066
6720

10094
6045

10094
4639

10094
2321

10093
6698

10093
6667

10093
6505

9998
6677

9998
6678

9998
6216

9998
6684

9998
6685

10065
6541

10065
6581

10065
6502

10064
6512

10064
6694

10064
6515

9996
6618

9996
6619

9996
6540

9996
6621

9996
6538

10063
6388

10063
6615

10063
5913

9995
6630

9995
6628

9995
6635

9995
6629

9995
6625

10062
6589

10062
6552

10062
5991

9994
6467

9994
6464

9994
6463

9994
6631

10061
6633

10061
6197

10061
6599

9993
6546

9993
6465

9993
6159

9993
6517

9993
6569

10060
6259

10060
6066

10060
6572

9992
6501

9992
6482

9992
6584

9992
6498

9992
6493

10059
5995

10059
5997

10059
6002

9991
6558

9991
6533

9991
6591

9991
6431

9991
6430

10058
6490

10058
6492

10058
6495

9990
6576

9990
6551

9990
6542

9990
6553

9990
6577

10057
6568

10057
6486

10057
6571

9989
6243

9989
6516

9989
6241

9989
6239

9989
6242

10023
6423

10023
6562

10023
6421

9988
6475

9988
6477

9988
6528

9988
6476

9988
6181

10021
5987

10021
6440

10021
5989

9987
6081

9987
6447

9987
6083

9987
6449

9987
6448

10024
6433

10024
6252

10024
6250

9986
6415

9986
6417

9986
6407

9986
6413

9986
6386

10022
6474

10022
5902

10022
6441

9826
6410

9826
6435

9826
3526

9826
6408

9826
6409

9825
6412

9825
3495

9825
6190

9825
6195

9825
6137

9824
6062

9824
6070

9824
6063

9824
6251

9824
6093

9823
6186

9823
6184

9823
6215

9823
6375

9823
6387

9822
6210

9822
6221

9822
6222

9822
6172

9822
6224

9984
6073

9984
6150

9984
1212

9983
6212

9982
6234

9983
6179

9982
6244

9982
6235

9983
6165

9981
6249

9981
6201

9981
4825

9980
4565

9980
6185

9980
4822

9821
6194

9821
4431

9821
4514

9821
4848

9821
6104

9820
6043

9820
6041

9820
6040

9820
6038

9820
6039

9819
6158

9819
6160

9819
6173

9819
6183

9819
6157

9818
6025

9818
6168

9818
6169

9818
6139

9818
6135

9817
6191

9817
6082

9817
6084

9817
6085

9817
6086

9816
6122

9816
6102

9816
5996

9816
6094

9815
6022

9815
6115

9815
6114

9815
6109

9925
6136

9925
6142

9925
6110

9814
6124

9814
4499

9814
5877

9814
6116

9922
6029

9922
6127

9922
6076

9891
6044

9923
6044

9891
6047

9923
6047

9891
4515

9923
4515

9813
4512

9813
6016

9813
5931

9813
4434

9813
4513

9917
6054

9918
6054

9917
6052

9918
6052

9917
6095

9918
6095

9897
914

9912
914

9901
6077

9916
6077

9903
4662

9915
4662

9900
3049

9913
3049

9897
6048

9912
6048

9898
6049

9914
6049

9901
6107

9916
6107

9898
4517

9914
4517

9903
6105

9915
6105

9900
4446

9913
4446

9812
6071

9812
6074

9812
6072

9812
5954

9811
5962

9811
5981

9811
5980

9811
5968

9811
5982

9810
5903

9810
5911

9810
5920

9810
5915

9810
5904

9809
6036

9809
6033

9809
6068

9809
5943

9809
6030

9808
6005

9808
5975

9808
6015

9808
5973

9808
6013

8083
5908

8083
5905

8083
5891

8083
6017

8083
5898

8082
6006

8082
5951

8082
5952

8082
5953

8082
6007

8081
2355

8081
2267

8081
4847

8081
4435

8081
4811

8081
6011

8080
6003

8080
5963

8080
5961

8080
5969

8080
5966

8078
5919

8078
5869

8078
5949

8078
5984

8078
5983

8077
5977

8077
4846

8077
5936

8077
5937

8077
5988

8076
4841

8076
5950

8076
4838

8076
5874

8076
4649

8075
5923

8075
5922

8075
5924

8075
5899

8075
5921

8074
4828

8074
5870

8074
5918

8074
4806

8074
4823

8073
5934

8073
5942

8073
5927

8073
4634

8073
5945

8072
5910

8072
5894

8072
3531

8072
5909

8072
5896

8072
3468

8071
4845

8071
5887

8071
5881

8071
4839

8071
4842

8070
5879

8070
5895

8070
4526

8070
5878

8070
5893

8069
5886

8069
5884

8069
5883

8069
4835

8069
5885

8068
4497

8068
4788

8068
4787

8068
4597

8068
4518

8067
4754

8067
4658

8067
4751

8067
4755

8067
4745

8002
4830

8002
4717

8002
4620

8002
4831

8002
4650

8001
3490

8001
3925

8001
5867

8001
4677

8001
4699

8095
4818

8096
4786

8096
4804

8096
4836

8095
4641

8095
4829

8092
4748

8098
4820

8093
3476

8093
4452

8093
4643

8092
4819

8092
4779

8098
4834

8098
4833

8000
4720

8000
4721

8000
4511

8000
4679

8000
3488

7999
4440

7999
4809

7999
4821

7999
4808

8007
2000

8007
2001

8007
1981

8007
4708

8007
1993

7998
4816

7998
4608

7998
4782

7998
4445

7998
4442

7997
4781

7997
1776

7997
1845

7997
4772

7997
4778

7996
4797

7996
4556

7996
932

7996
4557

7996
4800

8036
4696

8059
4696

8036
3053

8059
3053

8036
4645

8059
4645

8016
4013

8058
4013

8016
4731

8058
4731

8016
4769

8058
4769

7995
4700

7995
4652

7995
4661

7995
4651

7995
4660

7994
4750

7994
4766

7994
4746

7994
4749

7994
4765

8017
2976

8057
2976

8017
4709

8057
4709

8017
4635

8057
4635

8012
4468

8012
4716

8012
4619

8012
4475

8012
4718

8019
4629

8035
4629

8019
4630

8035
4630

8019
4715

8035
4715

8021
4753

8031
4753

8026
4673

8033
4673

8023
4563

8032
4563

8024
4637

8034
4637

8023
4725

8032
4725

8020
4712

8030
4712

8026
4638

8033
4638

8024
4628

8034
4628

8021
4723

8031
4723

8020
4680

8030
4680

7993
3970

7993
4701

7993
4710

7993
4703

7993
4705

8005
3494

8005
2006

8005
3496

8005
4706

8005
4713

8005
4520

7992
4687

7992
4690

7992
4688

7992
4692

7992
4698

7228
4622

7228
4527

7228
4473

7228
4659

7228
4483

8006
4617

8006
4670

8006
2245

8006
2246

7227
4678

7227
4668

7227
4674

7227
4675

7227
4667

7226
4573

7226
4496

7226
4625

7226
4590

7226
4624

7225
4589

7225
4566

7225
4559

7225
4570

7225
4571

7224
4614

7224
4613

7224
3996

7224
4615

7224
4616

7223
3545

7223
4612

7223
3525

7223
3524

7223
3523

7222
4522

7222
4495

7222
3487

7222
4521

7222
4610

7222
875

7221
4472

7221
4519

7221
4469

7221
4562

7221
4470

7220
4572

7220
4502

7220
4487

7220
4587

7220
4561

7219
4507

7219
4465

7219
4588

7219
4464

7219
4509

7218
4510

7218
4004

7218
3043

7218
4453

7218
4582

7217
4450

7217
4490

7217
4451

7217
4489

7217
4564

7216
4501

7216
4500

7216
4574

7216
4425

7216
4485

6539
4457

6539
3529

6539
3527

6539
4455

6539
4567

6538
3543

6538
3556

6538
4481

6538
4439

6538
3555

6537
4503

6537
4504

6537
4505

6537
4506

6537
3050

6536
4463

6536
3944

6536
4484

6536
4462

6536
4461

6535
1585

6535
4460

6535
4459

6535
4448

6535
3530

6534
4020

6534
4019

6534
4436

6534
4022

6534
4427

6533
3995

6533
4021

6533
3055

6533
3968

6533
3998

6554
4018

6554
4005

6553
3978

6553
3957

6554
3565

6553
3961

6550
3932

6552
3471

6551
2873

6552
3992

6550
3563

6551
3950

6551
3933

6550
3499

6552
3999

6532
3937

6532
3936

6532
4017

6532
3994

6532
3935

6521
1862

6521
3924

6521
3923

6521
3971

6521
3972

6520
2405

6520
3943

6520
3942

6520
3945

6520
3946

6519
3448

6519
3560

6519
3046

6519
3564

6519
3561

6531
3522

6531
3467

6531
3449

6518
3078

6518
3080

6518
3068

6518
3539

6518
3521

6517
3491

6517
2958

6517
3516

6517
3517

6517
1768

6530
3483

6530
3441

6530
3481

6516
3520

6516
3514

6516
3532

6516
3515

6516
3518

6529
3475

6529
3501

6529
3436

6528
3509

6528
3480

6528
3478

6525
3505

6523
3477

6524
3497

6526
3506

6524
3492

6526
3504

6523
3473

6527
3510

6525
3502

6527
3507

6515
3493

6515
3498

6515
3443

6515
3486

6515
3489

5871
3098

5871
3094

5871
3092

5871
3077

5871
3485

5870
3455

5870
3452

5870
3035

5870
2347

5870
1948

5869
3457

5869
1774

5869
3458

5869
2989

5869
3064

5868
3450

5868
3440

5868
3442

5868
3444

5868
3439

5867
3446

5867
2970

5867
3447

5867
2332

5867
1924

5866
3073

5866
3075

5866
3091

5866
3076

5866
3070

5865
3118

5865
3115

5865
3114

5865
3117

5865
3111

5885
3083

5886
3101

5885
3051

5886
3074

5886
3006

5885
3082

5883
3041

5882
3038

5883
2412

5883
3040

5882
3054

5882
838

5884
3099

5884
3001

5884
2945

5864
3100

5864
3102

5864
3093

5864
3057

5864
3069

5863
2929

5863
3042

5863
2980

5863
3002

5863
3004

5862
2983

5862
2986

5862
2984

5862
2987

5862
2985

5861
2960

5861
1741

5861
2884

5861
2867

5861
3037

5860
3025

5860
3019

5860
3026

5860
3023

5860
3020

5881
2967

5881
2982

5881
2966

5859
2850

5859
2848

5859
2897

5859
2859

5859
2893

5858
2944

5858
3005

5858
2943

5858
3003

5858
1692

5880
2977

5880
926

5880
2959

5879
2364

5879
2236

5879
1119

5857
2996

5857
2997

5857
3000

5857
2999

5857
2998

5878
2971

5878
1995

5878
1998

5877
2979

5874
2975

5875
2974

5876
2973

5873
2008

5873
2941

5876
2994

5875
2990

5874
2978

5877
2969

5856
2936

5856
2930

5856
2937

5856
2946

5856
2988

5856
2932

5855
1706

5855
2947

5855
2922

5855
2924

5855
1729

5854
1728

5854
2939

5854
2935

5854
2940

5854
2923

5853
2915

5853
2926

5853
2866

5853
2894

5853
2928

5852
520

5852
2920

5852
2435

5852
2906

5852
2919

5851
818

5851
2921

5851
2226

5851
2229

5850
2854

5850
2312

5850
2916

5850
2842

5850
2420

5849
2911

5849
2910

5849
2247

5849
2912

5849
2913

5848
2874

5848
1911

5848
961

5848
2876

5848
762

5872
2887

5872
1965

5872
343

5872
2888

5872
1044

5075
2852

5075
2417

5075
2416

5075
2868

5075
2415

5074
2436

5074
2890

5074
1046

5074
2360

5074
2889

5073
2439

5073
2449

5073
2891

5073
2314

5073
2824

5072
987

5072
2430

5072
2431

5072
2829

5072
2428

5071
1283

5071
2340

5071
2826

5071
2825

5071
2263

5070
2827

5070
2442

5070
2235

5070
2016

5070
2383

5069
2387

5069
2437

5069
2394

5069
1650

5069
2422

4780
2823

4780
2403

4780
2450

4780
2423

4780
2451

4775
2297

4775
2329

4775
2346

4775
2331

4775
2330

5080
2010

5080
2445

5080
2367

5078
2397

5076
2425

5078
2012

5077
2278

5079
1974

5079
2258

5078
2007

5076
2003

5077
2434

5077
2275

5076
1875

5079
2298

4770
2344

4770
2343

4770
2363

4770
2341

4770
2342

4765
945

4765
2404

4765
2295

4765
2427

4765
2369

4760
2366

4760
2361

4760
2386

4760
2418

4760
2365

5009
2402

5009
2274

5009
1956

4755
2396

4755
2224

4755
2349

4755
2375

4755
2400

4755
2384

4750
2243

4750
2405

4750
2410

4750
2411

4750
2413

5008
2401

5008
2289

5008
2326

5007
2296

5007
2290

5007
1249

4745
2371

4745
2373

4745
2376

4745
1962

4745
2377

5006
1918

5006
2358

5006
1954

5001
1758

5003
2322

5002
2293

5000
1910

5004
2334

5004
2324

5001
1107

5002
2294

5000
1359

5003
2323

4740
2299

4740
2348

4740
2353

4740
2250

4740
2356

4740
2327

4735
2277

4735
2336

4735
2337

4735
2357

4735
2260

4735
2339

4730
2306

4730
2309

4730
595

4730
2310

4730
2308

4725
1945

4725
2017

4725
2268

4725
2288

4725
2253

4720
2300

4720
2301

4720
1812

4720
2313

4720
2303

4715
1358

4715
1855

4715
2264

4715
2259

4715
1099

4710
1872

4710
1996

4710
2287

4710
2272

4710
2271

4690
1913

4690
1973

4690
2011

4690
1609

4690
1140

4685
2013

4685
2015

4685
2249

4685
2251

4685
2014

4680
2239

4680
2240

4680
2241

4680
2244

4675
1848

4675
2232

4675
1849

4675
2234

4675
2233

4711
1315

4711
1972

4711
1986

4709
1889

4708
1833

4706
1961

4708
1905

4707
1782

4706
1963

4708
1912

4709
1994

4707
2004

4709
1931

4707
1318

4706
1966

4670
1955

4670
1960

4670
1975

4670
1958

4670
2002

4665
1814

4665
1969

4665
1815

4665
1850

4665
1968

4664
1946

4664
1929

4664
1636

4660
1950

4660
1944

4660
1941

4660
1942

4660
1939

4656
1934

4656
1936

4656
1935

4655
1864

4655
1930

4655
1835

4655
1852

4655
1915

4705
1836

4705
1166

4705
1933

4704
893

4704
1871

4704
1907

4650
1901

4650
1957

4650
1877

4650
1888

4650
1876

4703
1019

4703
1916

4703
515

4645
1874

4645
1869

4645
1678

4645
1937

4645
1919

4702
1816

4702
1522

4702
1821

4640
1761

4640
1914

4640
1750

4640
1859

4640
1614

4701
1882

4701
1822

4701
1172

4700
927

4700
1610

4700
1095

4635
1519

4635
1555

4635
1660

4635
1863

4635
1880

4630
1862

4630
1630

4630
1866

4630
1879

4630
1861

4625
1570

4625
1757

4625
1854

4625
1754

4625
1856

4620
1811

4620
1847

4620
1799

4620
1809

4620
1810

4615
1586

4615
1792

4615
1846

4615
1752

4615
1841

4610
1800

4610
1807

4610
1808

4610
1801

4610
1802

4605
1647

4605
1356

4605
1135

4605
1608

4605
1333

4600
1517

4600
1670

4600
1685

4600
1753

4600
1784

4598
1789

4598
1767

4598
1157

4598
1676

4598
1791

4590
1790

4590
1787

4590
1684

4590
1786

4590
1781

4585
1778

4585
1777

4585
1110

4585
1788

4585
1361

4580
1348

4580
1669

4580
1686

4580
1694

4580
1748

4575
1779

4575
1760

4575
1768

4575
1643

4575
1625

4570
1771

4570
1770

4570
1772

4570
1774

4570
1773

4565
1762

4565
1765

4565
1716

4565
1763

4565
1764

4560
1693

4560
1739

4560
1745

4560
1705

4560
1700

4555
1751

4555
1523

4555
1749

4555
1215

4555
1346

4550
1648

4550
1313

4550
1587

4550
1331

4550
1600

4545
1740

4545
1735

4545
1741

4545
1744

4545
1747

4540
1667

4540
1520

4540
1206

4540
1355

4540
1225

4535
1599

4535
1541

4535
1589

4535
1605

4535
1692

4530
1677

4530
1728

4530
1675

4530
1158

4530
1130

4515
1704

4515
1659

4515
1649

4515
1697

4515
1708

4497
1663

4497
1583

4497
1641

4494
1593

4493
884

4494
1221

4491
1657

4491
1640

4492
1632

4491
921

4492
1639

4492
920

4493
1256

4494
1326

4493
1259

4482
1592

4482
1574

4482
1270

4474
1579

4474
1287

4474
911

4472
1525

4472
1526

4472
1524

4466
1106

4466
1138

4466
1332

4464
1144

4464
1328

4464
1142

4462
1336

4462
1307

4462
890

4375
1125

4375
1018

4375
1008

4373
1017

4371
1170

4370
1168

4372
964

4370
1131

4371
1169

4370
1165

4371
1075

4372
648

4373
577

4373
586

4372
996

4355
939

4355
1011

4355
924

4345
608

4345
590

4345
759

4335
665

4335
979

4335
511

4325
1016

4325
1053

4325
1147

4324
1047

4324
903

4324
1124

62
330

62
355

62
352

61
445

61
444

61
443

60
358

60
407

60
389

57
208

57
209

57
207

55
205

56
205

55
204

56
204

53
202

54
202

55
212

56
212

53
210

54
210

53
203

54
203

52
182

52
189

52
180

51
178

51
179

51
177

50
162

50
164

50
163

2009
71

2009
72

2009
67

2007
69

2008
69

2007
73

2008
73

2007
68

2008
68

2005
65

2006
65

2005
66

2006
66

2005
64

2006
64

2002
48

2002
46

2002
47

2001
42

2001
40

2001
41

