7,2,1,2,3
120,10,40000,6,6
119,10,40000,6,6
200,50,3,10,5
1000000000,40000,5681,40000,40000
1000000000,40000,5682,40000,40000
1000000000,40000,40000,40000,40000
1000000000,16405,40000,40000,40000
1000000000,16406,40000,40000,40000
1000000000,40000,40000,40000,450
1000000000,40000,40000,449,40000
1000000000,40000,40000,20226,20224
1000000000,40000,40000,20223,20226
15960245,40000,1,40000,40000
15960246,40000,1,40000,40000
2000000,10000,3,10000,10000
79999,1,40000,40000,40000
80000,1,40000,40000,40000
1,1,1,1,1
2,1,1,1,1
566,40000,1,1,1
565,40000,1,1,1
251082761,6321,39957,7307,37932
251082762,6321,39957,7307,37932
723344864,31765,21532,38298,2997
723344865,31765,21532,38298,2997
671716922,23944,26905,39218,4760
671716923,23944,26905,39218,4760
115935662,3363,19624,29267,10347
115935663,3363,19624,29267,10347
633551945,38483,21394,3744,28051
633551946,38483,21394,3744,28051
196215157,17449,13330,5428,14234
196215158,17449,13330,5428,14234
802412978,33056,20327,22310,23076
802412979,33056,20327,22310,23076
801950219,29442,18748,14607,35762
801950220,29442,18748,14607,35762
423357568,18704,18265,30045,6820
423357569,18704,18265,30045,6820
716286293,39797,24694,9816,23740
716286294,39797,24694,9816,23740
9918873,12094,4,8494,37014
9918874,12094,4,8494,37014
8851541,18779,10,16183,4479
8851542,18779,10,16183,4479
10331734,20454,6,10006,19739
10331735,20454,6,10006,19739
33998805,33147,8,27098,39439
33998806,33147,8,27098,39439
19536493,38655,4,19391,30545
19536494,38655,4,19391,30545
23066289,36448,5,31608,22741
23066290,36448,5,31608,22741
18936461,29745,7,17533,24285
18936462,29745,7,17533,24285
4134259,11755,1,18106,20201
4134260,11755,1,18106,20201
10703057,28847,9,17214,3977
10703058,28847,9,17214,3977
3678282,1901,8,8455,22354
3678283,1901,8,8455,22354
13053345,34937,1,35774,34248
14911911,38094,1,37999,38598
14970055,38854,1,39791,36347
13243161,39967,1,31153,35255
15357711,39918,1,38674,38385
402,55,1,4,53
403,55,1,4,53
693,55,1,4,53
352,66,1,37,8
353,66,1,37,8
495,66,1,37,8
781,79,1,28,64
782,79,1,28,64
1307,79,1,28,64
1089,39,1,97,91
1090,39,1,97,91
1952,39,1,97,91
490,64,1,7,57
491,64,1,7,57
836,64,1,7,57
404,64,1,52,1
405,64,1,52,1
468,64,1,52,1
703,26,1,89,62
704,26,1,89,62
1234,26,1,89,62
438,27,1,85,7
439,27,1,85,7
464,27,1,85,7
808,88,1,11,79
809,88,1,11,79
1580,88,1,11,79
739,47,1,38,77
740,47,1,38,77
1057,47,1,38,77
2,2,2,2,2
1,2,2,2,2
2,1,2,2,2
1,1,2,2,2
2,2,1,2,2
1,2,1,2,2
2,1,1,2,2
1,1,1,2,2
2,2,2,1,2
1,2,2,1,2
2,1,2,1,2
1,1,2,1,2
2,2,1,1,2
1,2,1,1,2
2,1,1,1,2
1,1,1,1,2
2,2,2,2,1
1,2,2,2,1
2,1,2,2,1
1,1,2,2,1
2,2,1,2,1
1,2,1,2,1
2,1,1,2,1
1,1,1,2,1
2,2,2,1,1
1,2,2,1,1
2,1,2,1,1
1,1,2,1,1
2,2,1,1,1
1,2,1,1,1
2,1,1,1,1
1,1,1,1,1
14877,551,86,18,9
43,8,3,3,6
13,3,13,2,3
4553,55,9,92,157
7850,206,3857,30,9
531144140,60,49,85,597
722639,898,26980,196,658
1000000000,40000,100,1,40000
97030319,39222,37805,4,3738
1000000000,40000,1,40000,40000
999999999,39999,39999,39999,39999
1000000000,400,2,456,65
500000000,10000,10000,10000,10000
100000,10,10,10,10
1000000000,1,1,1,1
1000000000,111,111,222,222
345243216,35000,7,12555,36987
1000000000,9997,39999,39999,39999
1000000000,1,1,40000,40000
1000000000,43,4,664,345
1000,4000,1,3,7
200,1,1,1,1
1000000000,40000,1000,9999,9192
1000000000,1000,500,5000,5000
5,3,2,1,1
1000000000,10,1,100,100
12,3,2,1,5
70000,1,1,40000,40000
1000000000,40000,40000,40000,39999
599990990,100,40000,40000,4000
7,3,2,1,2
12,3,2,3,3
4,4,1,1,1
