4
6
16
18
100
2550
256
324
9
12
1806
1296
529
20
2070
1560
25
30
1056
289
36
1024
552
42
812
2352
49
306
1332
56
1849
64
1089
2116
72
841
420
2304
81
342
600
1369
90
2401
1122
870
1640
361
1444
110
625
2162
121
380
1406
1600
132
900
650
1936
1681
2450
576
2500
156
2209
1156
676
1190
169
182
441
1722
1980
702
961
196
1225
1482
930
462
2256
210
729
992
225
484
2025
144
1260
272
240
1521
400
756
1764
2550
1892
506
784
265
446
206
876
1485
1294
2099
502
2330
2418
1744
1753
1272
1588
364
1151
878
1878
1711
172
3
1231
2449
7
2549
