2,1,2,10
2,1,2,9
1,1,500000,1000002
5,4,15,100
4294967296,4294967296,10,10000
4294967297,4294967297,1000000000000,1000000000000
999999999999,1844674408,1000000000000,1000000000000
1844674408,999999999999,1000000000000,1000000000000
1,1,1000000000000,1000000000000
1,1,499999999999,1000000000000
1000000000000,1000000000000,1000000000000,1000000000000
1,1,1,1
1,100,10000000000,1000000000000
1,1,1,1000000000000
1,1,2,1000000000000
1,1,3,1000000000000
1,1,4,1000000000000
3,2,1000000000000,222
3,2,1000000000000,221
3,2,1000000000000,223
3,13,10,1000000000000
3,13,13,1000000000000
3,13,15,1000000000000
3,13,20,1000000000000
3,13,28,1000000000000
3,13,103,1000000000000
3,13,104,1000000000000
3,13,1006,1000000000000
3,13,123124,1000000000000
3,13,1000000002,1000000000000
3,13,1000000001,1000000000000
1,1000,382,943416963123
1000,1,383,943416963123
1000000,1000000,1,1000000000000
1000000,999999,1,1000000000000
1000000,499999,999997,1000000000000
499999,1000000,999996,1000000000000
12,12,1,143
1000,1998,1,1000000000000
1997,1000,1,1000000000000
987,123,368073595,45654654654
123,987,368073594,45654654654
84,87,92778,1000000000000
22,63,28,1000000000000
84,87,92778,145621303454
35,98,29522,502150818174
35,98,29522,502150818173
91,97,3127,771370491752
91,97,3127,771370491751
28,81,64143,93888052920
28,81,64143,93888052919
30,92,52529,86515142243
30,92,52529,86515142242
79,88,83632,211424343435
79,88,83632,211424343434
1,13,56753,105767073758
1,13,56753,105767073757
76,31,8664,45611934876
76,31,8664,45611934875
80,58,16566,342713655614
80,58,16566,342713655613
7,87,28292,93923261297
7,87,28292,93923261296
84,70,59708,227673130901
84,70,59708,227673130900
9480,3586,4341516,951594673810
9480,3586,4341516,951594673809
6964,3072,8267111,986932823619
6964,3072,8267111,986932823618
3597,7349,9603447,987954828389
3597,7349,9603447,987954828388
4961,6349,7557037,994257985210
4961,6349,7557037,994257985209
4910,2549,480376,818796097339
4910,2549,480376,818796097338
3628,2633,3784890,987247079590
3628,2633,3784890,987247079589
5288,777,8231010,992838524553
5288,777,8231010,992838524552
5294,7639,9554422,991960422948
5294,7639,9554422,991960422947
1225,2289,7090455,995869987239
1225,2289,7090455,995869987238
5361,3918,8447708,989936375521
5361,3918,8447708,989936375520
10,8,3642580,936880438446
10,8,3642580,936880438445
3,1,7696204,984177860500
3,1,7696204,984177860499
1,6,3558508,965326092682
1,6,3558508,965326092681
1,4,2884010,983805656183
1,4,2884010,983805656182
1,6,7880343,984495273963
1,6,7880343,984495273962
3,3,580672,438861324017
3,3,580672,438861324016
8,6,8984325,995480931503
8,6,8984325,995480931502
5,6,5414971,975522072980
5,6,5414971,975522072979
3,10,1932826,874055244560
3,10,1932826,874055244559
2,1,3512032,932346048017
2,1,3512032,932346048016
6,6,50,213602033266
6,6,50,213602033265
1,9,58,83533427519
1,9,58,83533427518
1,2,4,50527397092
1,2,4,50527397091
5,7,34,64976813964
5,7,34,64976813963
9,2,75,241740344
9,2,75,241740343
6,10,82,92738216440
6,10,82,92738216439
10,10,16,395711557
10,10,16,395711556
6,2,8,13880727677
6,2,8,13880727676
7,9,70,163852820
7,9,70,163852819
7,7,67,992061024
7,7,67,992061023
1,1,2,1
1,1,1,2
1000000,1,440000000001,1000000000000
1000000,2,100010000012,1000000000000
987654321,123,5761316872,1000000000000
123,987654321,5761316873,1000000000000
10000,10000,15788,1000000000000
10000,10000,15787,1000000000000
6,4,3,499
260,1,60,1000
1,17,5,65
1,895,9,86775
1,3734482,9252,1000000000
4674,78,2,7011943259
15,452,5,6472893737
3,27838588957,3828480610,650785854029
1,1,1000000000000,1000000000000
91,7,55,8713
1,74,28,10000
1,2,2248,8327
3297,46,668,1000000000000
96334,78197,51308,88893925229
248572,2,1,1000000000000
4,4,3305161632,172543446096
55,2,8179801513,888975049803
1,1,100000000000,1000000000000
1,1,10000000000,1000000000000
3,2,764,7
1,4,27071,5
1,1,82425,7440
1,1,6,7
45,51,3,1000000
5,2,96,1000000
7,5,1000000,837694
1,4,8,64994
5,8,17456,1000000
7,2,428,294053
1,3,41370,64590
3,1,923,7
2,2,2,9
92,1,4,93
3249,1,56231,54412
2,8,228,2179
12,740,1,9079
7,8,7335,1000000
2,6,22577,885642
1,1,6,45
943,246,938,1000000
16,1,31558,230365
4,4,167732,1000000
6,1,274644,1000000
1,1,49,756530
1,1,1,1000000000000
1,1,10,1000000000000
1,1,100,1000000000000
1,1,1000,1000000000000
1,1,10000,1000000000000
1,1,100000,1000000000000
1,1,1000000,1000000000000
1,1,10000000,1000000000000
1,1,100000000,1000000000000
1,1,1000000000,1000000000000
41337,677,6636,383673609213
6,743,5450967460,84582505642
758116,106736,59705004113,668378083441
79938,1,1000000000000,92986026562
542624,8,58516565619,1000000000000
4,7393608740,905752031,973397687545
45,389,876475608,2380906
39,32089,790,2769032
7338,1,28946,38580850
6,85,73043613,4259253
2012,55,967041998559,67242205251
239740,1211,258355746906,26710515876
739,8179,9890869,2486284511
3,5,95,81733651
3,4,8654788,721231
2,70075467,93740664790,3366257720
81,38,815,6395792006
145,64923,83,496943571
540,212982169,1,1000000000000
93923041462,4,378647893704,661454114213
9671769,31,850495,10126386417
53859,17,13,1000000000000
91,861,1000000000000,5608419
73,664,290282596832,6698079356
83,27330378,95012370,1000000000000
726,1170,774,73026150
879749,29,295016,227529435
5124,898401,12114610,44944683511
4717089,4240,289671,1000000000000
30888790,4,8,1000000000000
43848,32,505917548846,300193287281
1,8830402,63729,3336385497
588687,5,905752,5050572958
5,1882138,669047,1258441656
7707617,92,537132342567,1000000000000
9,43,562667616,1496376
7,63404,659,58430401920
8476,9328,959,84917635796
1604,719,3,15722577518
2,14,997818496,701950
3525,507,147,43488690
1,42338,27818450511,80439574
14240,32208,78,74642634464
3200,39,9448744,316770861
9,860808045,2999253,14375317480
8495,5102047,3145,1000000000000
707,8,7,42379447129
9115,249268,97762378,186756434682
8,6339899,80920044046,84387318
9045,4526,8,4332054332
1,5,100,1000000000000
4000000000,4000000000,1000000000000,1000000000000
102143934434,102143934434,102333934434,102143934434
1,1,66,1000000000000
50,1,1000,999999999999
105043115,625352805,9856896,38371240
4294967297,4294967297,4294967297,1000000000000
2,1,100000000,1000000000000
3037000500,3037000500,3037000500,3037000500
1000000000000,12345678,12213,999999999999
1,2,1000000000,1000000000000
999999999999,999999999999,99999999,999999999999
1,1,98978979781,1000000000000
100000,100000,1,1000000000000
11000000000,11000000000,1,1000000000000
4294967296,4294967296,1000000000000,1000000000000
4294967296,4294967296,4294967296,42949672960
1,1,10000001,100000000002
20000000000,20000000000,1,10000
2,7,23425258,999999999999
1000000000000,18446745,1000000000000,1000000000000
1,199,1000,900000000000
1,1,220,1000000000000
1000000000000,1000000000000,1000,1000000000
90000000000,900000000000,123456789,12345678912
4294967295,4294967295,100,1000000000000
999998998117,999998998117,2323,232323
1,2,1,979789987999
10000000000,1000000000,5,5
4294967296,4294967296,10000000000,10000000000
38,19,191023,1000000000000
30000000000,30000000000,100000000000,100000000000
10000000000,950000000,2,1000000000000
3,1,5,20000000000
999999994564,123131312123,999999999999,123132131
9,11,100000,100
1,1,400000000000,1000000000000
4000000000,4000000000,4000000000,4000000000
123456789012,215987654321,50000000000,1000000000000
20000000000,20000000000,1,20000000000
4294967296,4294967296,1000000000,10000000000
2,1,100000000000,1000000000000
5,1,2,17
4294967296,4294967296,1,1000000000000
3800000000,1900000000,191023,1000000000000
10,1,234567,1000000000000
2,3,1000,1000000000000
1000,1000,1,1000000000000
4294967296,4294967297,1000000000,10000000000
123858384657,638592345063,457893458243,673840653456
18446744,1000000000000,1000000000000,1000000000000
10000000000,5000000000,1123344554,1000000000000
73014444049,252645135,10000000,10000000
34359738368,34359738368,423,535367567657
4294967295,4294967296,1,1000000000000
10,10,101,101
9999999999,1,1,99999999999
4294967295,1,1,10000000000
1,1,200,1000000000000
4294967296,4294967296,4294967296,4294967296
4294967296,4294967296,1000000000000,2
1,1,1,1000000000
2000,2000,1,1000000000000
10,1,1000000000000,12
4294967296,4294967296,10000000,10000000
174094882455,105957992,234567,1000000000000
1,999,10000,25000
4294967296,4294967296,400000000000,1000000000000
7,1,423,9
4294967296,4294967297,1000000000000,999999999999
1,500,26897,99999999999
100,1,1,1
10000000000,1000000000,100,1000000000000
200000,200000,1,1000000000000
2,2,50,5
1,1,66,100000000000
