36
7
72
46
50000
1099
1
8
49905
46656
46657
15
23
34
42
50
51
61
79
114
18735
13099
6692
5711
4691
3703
2739
1995
996
49998
49993
49930
2
7
10
12
17
36
43
52
100
113
128
206
225
246
360
385
412
568
599
632
836
873
912
1170
1213
1258
1576
1625
1676
2060
2115
2172
2628
9668
10916
11025
11136
12510
12625
12742
14248
14369
14492
16136
16263
16392
18180
18313
18448
20386
20525
31278
34056
34225
34396
37360
37535
37712
40868
41049
41232
44586
44773
44962
48520
48713
48908
18735
13099
6692
6615
6016
114
79
61
23
9912
9
231
453
35483
441
4356
45987
189
32413
49931
64
164
4896
49989
34744
487
40
30600
316
3025
32768
185
19
49913
12345
108
343
4196
71
174
1400
1036
344
