1,10
14,14
1,100
1234,4321
1,3
1,10000000000
123456789,987654321
1,1
1000000000,1000000000
4,4
2,2
3,3
999970000,999999999
44,77
48,73
757148,167851001
301413357,336971125
160567226,659598369
4890852,391749388
26239573,35766291
597007,473038165
3615545,326051437
118341523,392289611
37215529,170427799
168544291,675016434
683447134,950090227
82426873,116752252
194041605,706221269
69909135,257655784
21417563,84970744
4735993214,5788109700
3788115833,8956428880
1662213698,6214162788
3951218642,6331312118
1543831757,5048844734
1284888887,5105102205
4565962192,7762163387
8735993214,9788109700
8788115833,9956428880
8662213698,9214162788
8951218642,9331312118
8543831757,9048844734
8284888887,9105102205
8565962192,9762163387
5000000000,10000000000
9000000000,10000000000
4444444444,7777777777
999,10000000000
1000000000,10000000000
3,1234567891
123,9991999997
9999,10000000000
5,10000000000
9999999999,10000000000
2341243,10000000000
5,9987654321
515151515,10000000000
1,1000000000
4745,4474745457
100,10000000000
1234567890,9876543210
