1,1
3,7
41,85
194,881
1000000000,1000000000
2000000000,2000000000
2000000000,1
1999967841,1999878400
850,925
925,725
325,725
850,650
845,625
31525,65000
53300,34225
93425,95485
81925,90625
91250,75205
32045,21025
68125,90610
93425,18125
53650,38425
99025,15725
86125,68125
16900,75725
91225,10625
84500,70850
45305,65000
89050,75205
79300,92500
31525,22100
94250,28900
65000,56425
1988995850,1987587738
1997433828,1984338325
1994939060,1985077097
1999185781,1995219252
1990368553,1998422397
1999999170,1999999170
1999999170,1999999625
1215306625,1215306625
1215309770,1215306625
1215300970,1215302800
1215301825,1215306625
1999999656,1215307490
1215309770,8450
1215304456,4802
1568,1999999880
1215304200,9516
1215303505,1215306625
1215304658,8125
1215303505,7225
7225,1215303505
8125,1215304025
1215303197,1215302800
1,2
3,4
4,4
6,6
1,2000000000
987654321,123456789
999999999,1
1999999997,1
1999967841,1948604449
831910120,1271435329
2,2
1999967841,1999967841
199999,2000000000
8,4
999939200,999939200
2,1
169,180
9945,9425
2,1000000000
100000000,500000000
100000000,1441557
1,13
61,442
1172488941,1172401781
1951000578,1951000578
8,8
2000000000,1999967842
112805732,1120048829
1,32
1825030001,1600000001
1,9441
169,144
1,72
1999569325,1999569325
1349232625,73652228
5,25
800000000,400000000
1999999940,1277997957
25,31
2,2000000000
1,1172488941
101203012,186538500
