3,2
2,2
1,1
4,5
7,77
1000000000,123
1000000000,1000000000
536870911,1000000000
123456789,1
268435455,36648724
134217727,36648724
117825866,7457346
387420488,84069467
643076642,123
279,562444338
11,358206529
362,863193754
120,438119233
256,689481272
8775,278000423
2938,487044242
7273,610019679
3047,259939330
8752,679078961
959349,298165444
271825,558967608
604088,872931663
754447,686456775
848707,623629290
930552,186804456
197350,232952234
798144,717319524
840344,311701756
712455,435488855
280179047,138284830
489152343,650268386
131266783,482122404
909833560,572746703
214776896,461181366
477365003,637517399
439584539,933502299
685949640,579379272
319453138,683268749
684365003,308843531
999988776,2
999999999,3
999999997,4
1000000000,5
888888888,6
999999997,999999997
1000000000,500000000
326402540,326402540
987558789,987558789
100028703,2
46248482,7189719
999998743,999998742
423531123,8013
11000,2645743
100000000,599111111
999999991,999999973
24,2
123,9999
3627,2
985575155,1337731
131071,2
