3,2
3,3
8,5
1,1
1,2
1,3
1,4
2,1
2,2
2,3
2,4
3,1
3,2
3,3
3,4
4,1
4,2
4,3
4,4
997,997
997,998
997,999
997,1000
998,997
998,998
998,999
998,1000
999,997
999,998
999,999
999,1000
1000,997
1000,998
1000,999
1000,1000
1,934
744,263
530,701
509,753
257,257
120,712
352,844
706,109
394,331
367,170
933,918
848,973
869,981
224,550
593,165
170,552
428,191
625,636
921,945
311,863
1,234
965,1
1,534
621,1
2,6
997,883
11,6
992,945
6,1
1,6
5,6
7,1
901,1000
236,935
10,10
18,18
867,461
666,667
25,25
2,5
5,2
980,817
6,6
234,34
6,3
5,3
95,74
706,146
5,5
999,987
49,47
6,4
6,2
1000,872
1,100
10,11
10,1
42,18
58,214
3,6
1,99
11,11
20,5
777,127
955,599
1,9
989,899
