10,0,1,0,1,1,0,1,1
10,1,1,5,1,5,5,1,5
7,4,3,0,1,1,0,1,1
23,10,30,26,48,76,231,463,707
211,30,12,3,35,82,0,43,15
1498,19677,911056,215,114,610,17,1071,637
1416,7774,536097,302,658,101,267,827,311
1340,57012,919931,625,202,131,816,516,261
295,27530,562253,157,1371,1219,1008,532,1411
1381,260824,808034,250,1083,833,1272,1382,502
1438,48578,523417,470,773,284,833,720,664
1431,46263,43977,1060,425,1392,899,67,1145
1451,804634,685095,336,1,33,749,724,320
1357,26856,500284,921,1231,517,985,296,269
1498,32568,350725,563,516,797,1374,1499,1094
1355,55590,281205,650,1356,421,420,186,689
1133,28465,152038,97,207,181,1435,1229,440
1401,336759,277837,503,468,606,546,10,584
1357,4491,312356,1356,296,182,567,781,1187
1446,21373,427603,783,1267,71,221,1,628
1457,23276,310573,731,894,761,167,265,162
1494,10909,763019,1405,748,271,472,199,1068
1407,13282,869465,1026,1,573,283,165,722
1317,71915,177655,451,427,85,1465,879,1002
1497,159115,93166,213,1210,1048,749,1498,562
1393,64852,97218,1337,1492,1484,265,1394,814
1359,25610,765505,1439,1209,1200,1414,954,290
1493,418490,227658,1466,850,172,916,1494,172
1309,53090,138211,1432,41,1100,743,375,1311
1357,24968,710260,860,1146,210,579,591,1486
1498,43677,895536,73,857,775,814,46,1197
1435,37508,160946,292,299,65,1053,862,489
1199,34662,393736,1434,655,1122,552,1221,349
1445,21740,773412,468,428,1152,993,936,1143
1322,44088,722321,1497,662,1321,933,877,653
1076,47617,483582,5,1067,493,1352,1077,1381
1471,920089,927510,546,1472,677,54,207,789
1474,19549,202911,250,117,320,483,1207,1213
1235,25230,231210,176,1267,648,994,1236,602
1450,10299,172817,758,627,535,784,1,526
1321,195533,462590,304,483,928,23,1,1314
1414,30140,910545,145,351,1463,659,607,177
1315,164570,101756,883,790,744,1063,547,910
1494,4598,750294,639,9,759,1228,1,271
1446,62907,737984,369,483,725,415,292,1173
747,16635,641759,353,778,697,932,333,472
1415,66004,714481,750,850,1365,825,676,83
1419,31079,677605,16,1365,571,779,689,1418
893,139056,417538,339,11,1249,328,1,732
841,30216,391610,282,755,453,119,820,201
1492,127150,559609,1244,1105,1022,968,1493,676
1371,270830,981047,799,458,346,629,78,930
1497,84718,795446,971,1,987,1329,394,1073
1495,40131,60975,451,1197,112,1105,1480,326
1457,20256,508682,34,737,44,1306,142,665
3,0,100,0,0,0,0,0,0
1500,1499,1000000,1498,1,1499,0,1,1
1500,1499,1000000,1499,1,1499,1,1,1
1500,1499,1000000,0,1,1,1,1,1
1500,1499,1000000,1,1,1,0,1,1
2,0,1,620,732,1030,232,873,1132
10,4,8,346,680,1454,1226,1041,19
7,3,17,1304,206,702,853,314,1466
5,12,4,248,1016,291,409,97,937
7,1,41,907,1095,726,826,769,1011
1,0,1,1220,719,1474,176,892,363
3,1,1,1437,163,616,757,1020,1418
4,1,2,299,531,30,1166,140,815
1,0,1,849,1060,270,620,94,245
3,0,5,843,10,496,34,295,308
4,0,16,771,1359,1060,1073,795,706
5,2,2,1340,1159,171,1026,1295,1482
3,0,1,80,1417,168,1439,720,610
5,1,8,1362,1405,1270,300,1410,997
3,1,5,719,1153,170,850,1362,623
2,0,1,1102,1233,806,811,8,1144
9,5,74,298,427,817,1449,211,1248
2,0,2,800,214,1301,447,1432,1405
3,3,8,59,535,749,849,876,307
7,2,6,513,1180,627,502,1428,1496
10,3,4,739,247,75,283,1293,279
1,0,1,1259,1222,1328,347,1201,1246
3,1,3,53,80,266,970,1106,966
2,1,4,710,356,552,860,1197,599
1,0,1,123,1237,1101,1215,490,198
3,0,1,1332,716,1109,1442,1257,21
7,14,49,548,1380,51,1280,1066,791
5,2,6,1036,64,1289,851,1101,347
6,1,14,852,25,703,793,559,1476
2,0,3,536,1066,1063,1459,686,504
2,1,4,1028,711,1436,274,1066,341
4,2,15,159,274,548,353,979,410
8,3,45,296,585,282,1234,826,779
10,1,23,1062,1394,1067,644,49,1386
2,0,1,430,1120,286,1016,280,1456
7,0,10,180,549,1215,737,884,881
7,10,44,24,543,710,102,15,3
3,0,8,1416,150,449,635,218,595
2,0,4,1001,980,836,780,635,1092
5,1,16,105,623,645,996,1144,1496
6,0,8,786,1461,655,193,867,1492
1,0,1,1457,1072,1371,492,1393,1424
4,0,11,89,877,852,1286,870,1280
4,1,13,12,626,860,865,375,19
2,0,4,647,1116,30,1077,62,640
4,0,7,652,98,671,744,337,531
6,0,9,1067,349,241,734,385,685
6,0,28,1002,1042,699,1052,240,794
9,7,55,1355,1249,1417,1036,1317,1317
3,2,1,351,838,485,359,14,1142
1498,41,4580,1139,723,1075,420,1461,1445
1491,9,1000000,1011,922,1159,1234,919,1420
1493,0,28,1292,894,608,393,360,1402
1493,61,1301,1428,1479,270,1299,456,1307
1499,0,77767,594,845,824,1347,1452,1500
1491,4,9,396,1188,1426,1356,63,131
1494,8,77,668,285,426,160,207,749
1499,67,2,295,1024,1265,298,428,1309
1493,64,84,1375,259,1362,863,1028,647
1493,196,390235,805,1220,1190,1332,893,990
1493,116,342,437,1359,593,1041,407,1082
1497,378,1000000,261,843,1127,741,1160,1246
1499,443,1000000,805,234,315,534,126,1421
1496,659,646755,858,52,1497,1043,450,788
1493,444,5513,767,884,1,734,940,457
1494,571,295770,964,1052,830,648,826,1205
1500,190,617708,1300,609,362,699,985,427
1496,628,886,79,1406,960,669,584,12
1500,313,1000000,686,16,683,651,263,359
1493,828,4568,860,221,1456,1229,655,672
1493,1341,1000000,1020,45,1247,1109,135,1358
1499,264177,740768,1323,1500,1291,1460,1298,1252
1499,1285,381499,1306,1126,623,864,1424,202
1493,1445,6259,1417,713,1332,625,361,137
1498,5437,8529,706,178,267,575,1285,752
1499,1377,7506,617,1429,776,1123,692,484
1497,28912,278025,587,1,306,1393,105,683
1496,6974,64369,113,58,832,265,1310,1051
1494,4599,1000000,76,748,1048,92,916,643
1494,44783,556080,950,738,1241,763,250,154
1498,10812,1000000,20,1028,1440,1158,1499,848
1494,42148,90975,1141,908,1500,323,1495,1337
1492,18574,1000000,1293,374,774,1405,248,1121
1493,1000000,404874,1044,380,849,1278,1,854
1497,93038,1000000,59,999,587,1336,511,31
1490,13534,253203,733,378,1065,140,150,1113
1493,978793,1000000,715,1494,1469,726,894,857
1492,64530,1000000,452,374,1485,81,452,156
1493,1000000,554771,619,1336,54,745,1,472
1493,1000000,650723,96,1186,837,143,1494,1157
1499,1000000,426717,1073,509,981,527,1,1210
1493,747640,570671,8,1494,1056,1312,38,924
1493,173992,1000000,1249,1207,1111,713,1,903
1499,275864,1000000,1146,1500,976,19,415,1094
1490,107163,1000000,433,1193,212,36,961,384
1499,1000000,1000000,493,1500,1041,484,304,113
1499,835700,1000000,405,1,1409,488,1480,1424
1493,120355,581218,1294,231,1053,728,1,216
1499,1000000,270118,609,1,214,66,304,1121
1499,732544,961087,969,1,1404,28,923,87
499,10000,1000000,1,154,985,1,500,1166
1500,1000000,1000000,281,121,121,198,118,918
