5,1
5,2
2,10
17,9
1,3
5,7
5,7
48,1
57,25
69,26
88,52
91,73
65,7
45,37
11,23
99,29
34,91
34,27
73,52
5,69
148,1
357,125
369,226
388,852
291,573
165,7
545,437
611,523
799,529
434,291
757148,851001
413357,971125
598369,567226
749388,890852
766291,239573
38165,597007
615545,51437
289611,341523
427799,215529
16434,544291
957148,951001
913357,971125
998369,967226
949388,990852
1000000,1000000
999999,999999
555555,777777
100000,100000
6,3
1,1
999997,999997
1000000,999999
10,5
999999,880977
1000000,100000
997763,997763
1235,124312
999201,1000000
23423,34534
123456,12345
987654,987654
999998,999998
999,998001
30,10
50000,12345
100000,10000
987891,987653
100000,1000000
999979,1000000
16,5
243254,234454
2,1
999999,453123
1,2
999999,888888
1000000,1000
8,2
98452,1212
12345,1234
100,1000000
954125,125487
987654,654321
1000000,999198
10,4
4,2
50,50
999999,1000000
8,4
4,3
1,979797
999999,999998
999997,1000000
1,92
3,2
1234,1234
42,68
987933,999977
1,10
7,3
12,8
