1371110974
111111
10989
120
999999999988
109999999989
33333333333
66666666666
55555555555
11111111111
77777777777
99999999999
22222222222
46666666662
41111111107
29999999997
65555555549
26666666664
74444444437
95555555546
54444444439
77777777770
58888888883
1111111111
83333333325
69999999993
93333333324
28888888886
86666666658
95888888793
98555555457
91111111020
59666666607
28999999971
58444444386
12444444432
22888888866
97999999902
29888888859
11777777766
73555555482
41111111070
58777777719
74999999925
9555555546
666666666
57111111054
95444444349
30888888858
85599999144
89555554660
30466666362
10488888784
19499999805
32411110787
32944444115
71111110400
86833332465
30899999691
30333333030
75422221468
16144444283
70599999294
63166666035
311111108
50999999490
15722222065
3833333295
12655555429
61457771632
55917772186
7306665936
93254435119
50719994928
28041108307
74966659170
43231106788
46773328656
89365546619
73295548226
19954442449
64771104634
86707769107
38014440643
28206663846
33263330007
79901103121
11563332177
48959995104
7870881018
48968951031
95294793594
91226130996
41002958997
17687760090
69645374799
40299404145
84937581729
74206592460
84277471278
66784044327
84265804623
63069936930
67613599053
73831592835
10763322570
17191427253
40739292594
50351616315
32699050784
59916723049
15941662804
9385239480
539494605
10483306277
92893071060
85345635424
27130395360
39626325955
73517175932
17587124127
27107117815
17972886936
1682938726
92446097752
80731559343
87105506714
29399517113
79567537650
72523051414
6461123823
97056697804
5819433554
88772009689
68937326689
97852662644
68309912770
80276783741
50116611171
95708951481
44165030833
13042756705
24567190813
9677204405
30935211725
17068179678
93296358320
60977225001
44750840024
42644966901
83056393023
7689064461
71625791400
66252874806
99873599538
48429826029
93984092496
18125501577
64618612038
72518473047
78630900279
51949137972
29686345605
94307502096
31000969332
69449929884
7746559464
5602834002
44292276720
92881718908
46386918061
91581700298
33164462067
97805839890
92126459249
36209615079
30010378233
644635684
17428002251
14353281547
30593629825
12498852322
33948190529
89389617152
75787735540
3741734370
47212986062
76715817134
38830219296
62424683757
92681421258
51373342511
30234219672
44867375625
52756642751
92177116771
42210025245
69382451719
30717363925
52589587409
48886323507
68600280996
22097727412
5594775364
69933432952
61492392322
90918032507
34231813010
27341102484
13566531
16850581551
642222
88888888888
598349270794
137037035790
109998899879
13574
999999999999
123435873813
222222222222
10864197531
92341234123
258439393908
1474436986
87579
1353
120000100000
122222222903
21
24242424242
