19,200
19,18
333,36963
1234,1000000
943103,757846
214774,229791
307250,582124
942382,206296
27373,574062
115806,656705
731134,414474
439306,381191
803726,876361
505082,244210
541067,186932
32806,441464
268992,767324
249475,261225
220566,818444
799058,851211
869843,34444
100108,286394
244928,27652
602046,89371
658842,475916
971995,195702
958264,409908
703641,885853
597162,214106
392000,763069
710984,548074
186880,333359
445043,218074
224719,537895
539294,162502
575290,291457
3467,53695
797105,755174
244823,877866
745197,659148
516595,606966
99,204403
31,220860
100,135172
78,898490
68,77180
57,857059
13,168556
45,704198
89,457909
83,922224
53,587561
22,777161
50,694314
69,81397
67,75650
87,754378
68,378222
37,375604
10,686106
82,746286
53,871800
96,752175
3,561659
26,796402
62,962577
30,981348
79,438566
56,476421
97,787477
9,275301
31,106851
25,951641
68,212937
52,536140
71,731586
54,624717
55,859890
53,159892
56,868265
88,110856
865,549480
375,910743
889,65908
709,463437
506,757982
406,888139
685,161194
288,404181
60,49367
672,621628
350,472619
485,600925
890,905112
693,824792
341,746731
486,280648
395,221408
562,417875
671,169161
846,357535
1,1
1,11
2,222
3,333333
4,1000000
100,100
10,10
12,12
19,209
19,19
2,2
10,110
13,13
20,20
10,1000000
1234,13574
9,9
1000000,1000000
20,220
18,18
1,1000000
25,25
9567,165443
10,111111
1,200000
