3,5
5,16
4,15
15,31556
150,500
2,1
2,2
2,31
2,99921
2,1000000
3,3
3,4
3,11
3,6114
4,1
4,6
4,8
4,600000
4,600001
4,878909
5,1
5,17
5,26
5,663
5,20912
5,230319
5,233336
5,892319
5,1000000
6,38
6,46990
6,96177
7,221232
7,221233
7,221234
8,128
8,129
8,745
8,8456
8,909201
8,997231
8,1000000
9,261348
9,800455
9,821882
10,900
10,9000
10,900000
10,982217
10,1000000
11,2100
11,62149
12,234700
12,995458
13,7271
13,12859
13,99218
13,100000
13,881233
13,1000000
14,218
14,3157
14,777459
14,909909
14,999998
15,66218
15,126694
15,606216
16,49612
16,77777
16,612899
17,65534
17,65535
17,65536
17,666666
17,862196
17,1000000
18,90521
18,877049
18,956903
19,671238
19,739033
19,991000
19,1000000
20,3313
20,524287
20,524288
20,531000
20,700000
20,832966
20,928156
20,959712
20,991727
20,999999
20,1000000
21,1000000
22,251
22,885655
23,251875
25,997592
26,1000000
27,1000000
28,905285
28,1000000
29,1000000
30,882568
30,1000000
31,1000000
32,1000000
33,1000000
71,1
89,7
217,61
217,969257
1002,92925
15852,1000000
34744,963081
70066,618081
418145,598281
572551,946971
597232,662821
645043,380891
696406,864131
717129,618561
999999,15215
1000000,768276
1000000,1000000
3,1000000
4,1000000
6,1000000
7,1000000
9,1000000
11,1000000
12,1000000
14,1000000
15,1000000
16,1000000
18,1000000
20,924288
19,524288
19,999999
1000000,15
999900,999941
17,100000
20,999997
22,999999
33,59279
9,999998
