1,0,1,9
0,0,-4,3
0,0,5,8
-487617,826524,892309,-918045
-27857,31475,-27857,31475
765193,377201,765191,377199
-784373,390934,-784375,390933
-330706,475232,-330708,475232
349530,-113416,349528,-113415
-583109,-842787,-583111,-842785
699638,-732089,699637,-732091
771899,-921638,771898,-921639
753056,-453698,753055,-453698
117356,-862744,117355,-862743
931180,957388,931179,957390
225981,669490,225981,669488
-62771,-967730,-62771,-967731
206592,-293811,206592,-293811
637628,-432514,637628,-432513
487223,-224313,487223,-224311
-873913,949777,-873912,949775
-484806,-458089,-484805,-458090
40211,604450,40212,604450
-572756,-281687,-572755,-281686
-731157,998155,-731156,998157
-63277,642461,-63275,642459
914348,266372,914350,266371
350865,-249640,350867,-249640
-420991,-440652,-420989,-440651
-500280,-30094,-500278,-30092
-732513,-542725,58853,-776738
-571559,252635,-156169,-159253
674079,934097,686838,-858508
-330110,230031,964597,-370703
-46250,-598134,-469307,35292
653128,-124996,337064,-873188
565990,-966563,656244,-570391
653164,287035,218540,91958
98554,-419937,221228,622379
-574481,579426,442096,426106
-20853,170601,638444,-783689
636591,227526,-113385,160718
839931,-701149,81406,-904628
758207,205845,400672,486463
885971,-715746,-117854,833476
170184,784167,999772,-17176
-539857,748436,-896740,12797
168858,569210,997844,997385
670859,-973579,323107,-590101
-1000000,-1000000,1000000,1000000
-1000000,-1000000,1000000,999999
-1000000,-1000000,999999,1000000
1000000,1000000,-1000000,-1000000
1000000,1000000,-1000000,-999999
1000000,1000000,-999999,-1000000
1000000,-1000000,-1000000,1000000
-1000000,1000000,1000000,-999999
-1000000,1000000,999999,-1000000
1000000,-1000000,-1000000,1000000
1000000,-1000000,-999999,1000000
1000000,-1000000,-1000000,999999
0,0,1,-4
0,1,0,-1
0,0,8,0
1,10,11,10
0,0,1,0
800000,800000,500000,600000
999999,999999,-999999,-999999
0,0,0,-1
0,0,-3,-1
0,0,1,-1
-1000000,-1000000,1000000,999001
5,10,5,9
-48761,82654,892309,-918045
0,0,10,-10
1000000,1000000,-999999,0
-999999,999999,999999,999998
1,1,-9,1
0,0,3,0
-900000,-500000,1000000,700000
-999999,-999997,999999,999104
0,0,10001,-3
0,0,300,-1
-478617,826582,896365,-914745
0,0,2,1
0,0,0,-2
4,1,1,4
0,0,3,3
-1000000,-1000000,999999,666666
0,1,3,1
987654,989898,-998877,-897976
0,0,1,-3
-643039,155704,-426405,83934
10,2,4,2
0,0,1,-2
-99999,123,-999991,99998
0,0,2,-1
0,0,5,-8
-483649,640827,201850,-510648
0,0,4,-3
10,10,20,30
0,1,3,0
2,0,0,0
100,1,0,0
0,2,0,-3
999999,0,0,0
0,0,0,-5
0,1,0,0
12345,-12345,12245,-12444
0,0,-30,-27
-1000000,-1000000,999991,-892344
-16563,-15432,875581,509110
100,101,-100000,-99999
-487617,826524,892309,-918049
0,0,19233,9382
-1000000,1000000,999997,-1000000
0,0,-1,-2
960864,17412,-825303,-522786
0,0,4,2
-1000000,-1000000,999999,999998
0,0,8,-5
0,0,10,-20
23422,23423,-23423,-23492
0,0,5,2
0,0,2,0
0,0,-1,-4
2,3,0,0
0,0,-2,0
28703,31322,23811,30333
100,0,0,0
368690,-479941,-102237,513926
-999998,1,999998,-1
5,5,8,4
0,0,7,0
0,0,30,-31
-99999,-99998,99999,99999
0,0,3,1
0,0,1,1
1,1,0,0
0,2,0,0
1,1,5,3
0,-3,0,-5
0,0,-4,-1
