7,3
8,3
8,4
20,5
8,4
160,8
9,3
38,7
64,5
173,3
186,5
50,5
117,7
46,7
264,5
118,8
80,8
97,3
252,6
205,6
82,3
215,7
223,9
40,9
142,6
57,6
267,6
230,8
38,6
110,8
162,4
164,4
242,9
261,4
110,8
168,9
17,6
136,8
26,6
119,7
222,8
84,7
85,9
176,3
197,6
23,5
271,6
22,8
28,4
144,6
261,4
139,4
84,5
191,8
212,9
95,4
195,5
235,7
39,5
190,7
224,5
141,9
127,4
189,7
148,9
23,7
86,5
115,7
156,5
43,6
22,9
44,7
120,5
42,8
163,8
265,7
264,6
153,6
74,5
56,4
149,8
252,5
116,9
230,6
39,4
177,9
238,9
48,8
29,7
26,6
98,9
26,5
88,3
266,3
74,6
10,3
92,5
131,6
216,9
126,9
20,4
124,4
11,4
49,3
275,8
8,9
7,8
7,4
300,9
299,9
300,5
257,8
300,7
