2,2,3,3,6,6
2,2,3,3,7,7
6,8,4,5,27,35
1,458,1,458,1,458
8176,184561,1348,43168,45814517,957843164
374483,1918190,4,11,7,67
3,3,6171537,9011084,6,182546394
1698590,2961279,5,16,8884401,1000000000
80,499,42,883488165,1,1
5,14,1313,400427945,672896,659998485
1,4,1826,142750432,8,1000000000
3444,3901,45,1000000000,24643,28237
110781,253423,270308722,1000000000,1,15934105
15,162,311316,1000000000,4444,1000000000
1,248402491,394871,1644299,11,49
20,669566825,39,41,2,35222246
6,807426510,3344,4765,1,1000000000
7,86979691,164,339228196,2,3
604,287487107,16558,589759002,1,808284659
6498,14983332,1,761170565,512,1000000000
3269,5748439,83150301,1000000000,9493,28203
1905,145324180,314092452,1000000000,609,6364914
2,653962274,865834128,1000000000,319390,1000000000
1596982,1000000000,208,241,71,79
3883818,1000000000,7909,15165,5056,212677189
1138,1000000000,674290,1151090,16,1000000000
736,1000000000,31,2583104,1,1
3,1000000000,10,9984371,149,442727411
1,1000000000,11429,117157997,7713,1000000000
21,1000000000,49312,1000000000,96,147
1282,1000000000,19,1000000000,2263,68043416
88570,1000000000,18108208,1000000000,138149,1000000000
1,1000000000,1,1000000000,1,1000000000
23,992994009,343,992994009,54,992994009
1,999999999,1,999999999,1,999999999
3,999999999,3,999999999,3,999999999
1,999999,2,999999,3,999999
1,100000000,1,100000000,1,100000000
3,1000000000,10,1000000000,31,999999999
2,1000000000,1,1000000000,1,1000000000
1,999999999,1,1000000000,1,1000000000
123,963915924,3,129475357,6,986429571
1000000000,1000000000,1,1000000000,1,1000000000
1,1000000000,1,1,1,890000000
