10,1
23,1
66,2
888888888,100
444444444444444444,2
444444444444444444,3
1,10
4,10
6,10
9,10
8,10
584780,7
1457,2
179789,2
2933596,7
447460,6
78689,4
7244,8
66212,1
25311,8
538,1
71032,9
96,2
396,4
59481,1
3318876,12
94492,5
39857,5
5649257,10
5806545,9
299351,1
5671702,10
5041963,14
2770,7
4378253,5
3352,3
569,3
912,5
79418,10
239,2
4243,9
5891911393,9
810,1
58866962718526,18
77457252,5
369048204097567,16
72222962555318370,9
9948674,5
968204,8
89337183138636,8
815178010,5
29791019054717928,3
84424056394501305,16
95480254595884168,9
5,36
73386163865874,1
49045826563,11
618,1
21208323598517225,5
6795227713992567,34
8,60
571625929,1
40384360072744351,27
437,2
70,1
73593195,9
95218853389,7
87,4
9606773610310312,11
46953996133488729,1
2597152058426292,1
44888823,3
3944694855090580,12
3679831,9
23528,1
555144151,14
52,2
144776303177556463,36
566,1
625024,3
753,1
84647859393083902,4
18802230967797,4
83573501233396242,6
3061307575233837,6
9391332969073671,27
8590430783287900,10
7327210417031947,17
811406970855869192,17
337972959334662208,23
328352453435175,13
2795465984945472,15
966264404849669735,11
17032331246316251,6
535167791648838,8
751452600138841876,4
90020061282502153,8
712916399035092062,13
877552597773714842,34
8745998130609693,20
4607457303101098,24
55269389046032838,16
7269326896563393,17
571152816476731599,37
669291984052404,12
1303625962603750,9
341518108736536963,2
9076500865561527,12
1016578928468547,20
45867338383585985,20
7945346246416888,7
20870941125871905,23
6136393239367948,18
70454790698050302,125
168227367326959853,125
13278173218807769,125
17887262576459834,126
9020404399103103,125
7639400097564080,125
4508862073077470,125
6836400496017025,126
999999999999999999,126
666666666666666666,126
811189876543210111,35
888811111111188888,126
123456543216789987,25
103456859212945679,126
123456789123456789,8
12345678901234567,99
888888811012345679,126
88123344556677990,122
666666666666666666,100
404404012211439,27
1234567890123234,126
66666666666666666,126
123456789111299765,126
716385113497812334,123
48209834123,13
123456789012345677,126
23885619856348745,100
98765432109876123,126
123456789012345678,126
122252525252521337,125
444444444444444444,126
111111111888888888,126
1234567891234567,126
123456789123456,126
12345678998765432,125
111111111999999999,126
12345678912345678,126
2,1
11,1
111111111111111111,126
