1
2
7
10
100
1000
10000
100000
1000000
9
99
999
9999
99999
999999
1
11
111
1111
11111
111111
22
222
2222
22222
222222
77
777
7777
77777
777777
123456
654321
78
87
31
93
98
111
121
42
18468
6335
26501
19170
15725
11479
29359
26963
24465
5706
28146
23282
16828
9962
492
2996
11943
4828
5437
32392
14605
3903
154
293
12383
17422
18717
19719
19896
5448
21727
14772
11539
1870
19913
25668
26300
17036
9895
28704
23812
31323
30334
17674
4665
15142
7712
28254
6869
19656
167835
123250
171961
447795
103076
233496
473304
939228
361836
237160
139062
112219
302574
644224
325696
416108
794310
200400
32220
571648
107882
448210
101104
220726
353460
502554
32680
537208
412870
11412
161013
30923
38663
171985
360282
650430
130221
714
216306
393120
81175
636637
364559
287988
415800
203148
289982
9877
504060
102
8
11736
666
999998
298
4
100006
1024
12
12346
140
666999
927928
14
987654
123142
100004
123458
4848
123124
46238
4736
123707
300004
999973
156
289384
