1,9,10
11,20,20
1,1,999
100,1000,99
999990000,1000000000,1
85309234,85346169,337262359
927106109,927144448,67731109
196637359,196696076,970074859
356793609,356805020,413434234
913434234,913467889,960309234
698590484,698596475,477887359
292340484,292351357,284527984
630231109,630238914,429059234
489606109,489630874,749371734
536481109,536520546,503277984
159527984,159571437,26715484
345074859,345078598,28668609
182965484,183018083,761090484
477887359,477944766,57965484
423199859,423260526,772809234
372418609,372448892,893902984
280621734,280635471,886090484
223981109,224046434,889996734
421246734,421272453,464215484
749371734,749426793,391949859
36481109,36487180,431012359
157574859,157575436,548199859
731793609,731811494,825543609
997418609,997473502,343121734
845074859,845088318,157574859
509137359,509167372,593121734
397809234,397816331,811871734
112652984,112701153,32574859
302106109,302129790,352887359
481793609,481821472,52106109
419293609,419358488,657574859
229840484,229851559,751324859
9137359,9141524,975934234
905621734,905631401,261090484
893902984,893962301,669293609
766949859,766977814,438824859
741559234,741604007,405621734
897809234,897863083,950543609
712262359,712274018,429059234
577496734,577506929,950543609
407574859,407601440,647809234
5231109,5275820,956402984
472027984,472059133,456402984
583356109,583410810,712262359
561871734,561915183,618512359
352887359,352949574,175152984
565777984,565800659,757184234
81402984,81458491,237652984
757184234,757202053,600934234
274762359,274810802,286481109
85309234,85409234,370465484
337262359,337362359,927106109
7184234,7284234,67731109
196637359,196737359,431012359
970074859,970174859,356793609
897809234,897909234,413434234
913434234,913534234,979840484
960309234,960409234,698590484
26715484,26815484,477887359
292340484,292440484,348981109
284527984,284627984,630231109
587262359,587362359,429059234
489606109,489706109,899762359
749371734,749471734,536481109
915387359,915487359,503277984
159527984,159627984,149762359
26715484,26815484,345074859
874371734,874471734,28668609
182965484,183065484,479840484
761090484,761190484,477887359
893902984,894002984,57965484
423199859,423299859,93121734
772809234,772909234,372418609
108746734,108846734,893902984
280621734,280721734,958356109
886090484,886190484,223981109
71637359,71737359,889996734
421246734,421346734,229840484
464215484,464315484,749371734
22809234,22909234,391949859
36481109,36581109,792340484
431012359,431112359,157574859
13043609,13143609,548199859
731793609,731893609,56012359
825543609,825643609,997418609
634137359,634237359,343121734
845074859,845174859,897809234
157574859,157674859,509137359
524762359,524862359,593121734
397809234,397909234,411481109
811871734,811971734,112652984
83356109,83456109,32574859
302106109,302206109,325543609
352887359,352987359,481793609
948590484,948690484,52106109
419293609,419393609,3277984
657574859,657674859,229840484
882184234,882284234,751324859
9137359,9237359,751324859
975934234,976034234,905621734
1987,9123,1
106,30287,16783423
2507654,2572297,32
599823407,599823407,9
774299934,774299979,4
96560959,96560959,1000000000
867395769,867395773,1000000000
398999681,398999681,1000000000
999999999,999999999,1000000000
679,679,8
29,434,9295
115045,115046,6593605
4,5,667879486
1000000000,1000000000,999999999
676747503,676847503,556
665947380,666047380,113
94880065,94980065,4
688208537,688308537,5
888501675,888601675,1000000000
937,100937,29774987
30,100030,776875586
2961,102961,998967870
8,100008,988975869
1,100000,999999999
999899999,999999999,1000000000
1234,2345,1259
10,19,19
98,99,4
1,2,3
10000,30000,11
1,3,3
1,2,5
100,200,300
1,2,2
1,9,999
29,30,30
1,1000,9999999
21,30,30
9,10,10
2,10,10
7,9,1
2,3,3
234324234,234424234,909099999
19,20,5
1,2,999
500,1500,1000
1,7,7
99999,99999,1
1,9998,9999
9990000,10000000,45312342
6,8,9
5,10,1
1,30,77
9,9,5
7,13,12
6,8,55
1000,1030,9999
99,101,2
5,9,54
17,19,92
1,4,2
999900000,999999998,999999999
10,12,14
7,8,99999999
5,5,10
10,11,3
10,20,29
1,3,4
5,8,3
999999999,1000000000,10
1,6,7
999900000,1000000000,10000001
234,1000,2
9,19,92
