350,350,1,65536
257,210,36894,19420
36,48,1809,31235
37,327,46242,20375
344,43,14547,58855
88,70,9249,26807
343,113,31408,48903
28,298,2230,44929
142,50,16772,36823
145,187,31639,8116
210,117,47189,32284
236,296,18596,11592
90,302,8868,34097
111,162,20883,24601
58,228,26591,38876
116,5,13227,3500
159,271,9823,14191
185,57,7141,54393
350,6,9177,24060
232,78,2604,15579
58,339,31350,30053
87,128,22200,6058
332,92,23376,36548
342,43,32274,34220
170,131,5360,14631
252,14,27833,50994
177,291,25861,23037
257,324,11534,24451
61,159,16367,25481
157,258,29276,32454
247,335,25750,38020
148,297,22764,49608
128,85,29741,14905
289,150,38488,10128
79,335,2858,45733
198,175,8375,57823
113,39,20603,32353
84,155,31640,20327
271,103,31946,42843
1,317,6663,40637
164,178,7093,44248
117,201,21586,25785
137,329,21739,38377
74,271,53821,18211
337,146,11266,32607
275,161,26701,5489
34,138,27276,32211
207,189,32002,20079
77,92,54161,8096
131,277,17232,1609
251,159,31420,12125
26,85,22149,30947
144,344,19882,24373
26,57,42540,31153
141,210,7024,9850
177,29,5314,17954
34,212,55601,12810
15,322,44752,25529
147,61,26266,21365
299,315,32741,40857
316,2,29740,31558
173,63,29829,10822
133,169,29040,42661
256,346,43261,30973
202,307,33208,14191
167,202,4347,6688
179,204,27759,39877
62,343,45172,42965
33,223,51755,46224
279,122,7519,28479
143,258,23322,58335
283,40,28914,33605
267,278,46046,4060
307,145,762,39524
341,86,30629,28399
278,77,19466,56497
289,255,6393,24667
111,289,22295,24038
88,271,34773,26050
76,185,20146,43512
142,350,30442,28900
224,208,9140,26890
253,320,35102,41083
209,344,32100,31801
27,260,16065,45582
108,142,58731,30877
146,222,6728,8748
164,201,25496,31906
343,41,21235,3094
37,25,9527,57274
292,265,47961,3378
115,342,7018,28648
26,330,27463,30105
211,105,29178,4226
290,108,16735,45368
269,77,29375,24455
95,287,7659,5075
69,118,23578,38344
172,106,39212,19924
131,152,14115,7519
127,176,23449,17627
5,5,222,55555
350,350,1354,65500
349,317,23566,65000
350,347,11,63500
337,340,244,62111
5,6,121,58000
4,5,6,50000
4,4,1,65536
344,347,1,65535
350,350,0,65536
350,350,1,0
320,320,4091,30872
350,350,2,65534
333,333,33333,33333
100,100,1,65536
350,350,1218,31245
350,350,12312,0
350,350,1,65000
350,350,4325,65536
350,350,65535,65536
350,350,222,65536
349,349,24356,52576
