3
4
7
104
1
8195
330410
213435
15285
218045
123836
359944
437198
236868
76240
473467
62630
154575
124851
53508
330874
251504
465660
426579
482269
143279
121503
305366
447811
197659
370008
147229
235359
434281
86096
85438
179601
243259
178717
331612
47982
383570
426512
72781
119773
347155
142091
11520
480477
299684
219609
322580
398750
433924
245329
424468
278029
196633
475868
89395
300062
474930
113796
40055
2505
453080
435294
306645
157807
475621
449547
242584
445536
377776
394563
222357
35361
369092
499103
169929
322858
181234
65419
191157
185341
315883
52472
208652
249896
353661
464327
122510
290813
410036
473421
145368
498598
449135
333366
85211
487754
291402
261004
474367
35523
500000
1
2
3
4
5
6
499971
499999
