8
12
11
6
34539
72092288
382105
4863616
10000000000
1234567891
1000000007
2735855555
4444444444
8087674693
8087674692
8087674691
8087674593
8087674693
8087584762
8087764624
8087764625
8087764623
8087584761
8087584763
1010101010
1001000101
5555555555
6666666666
7777777777
8888888888
9999999999
1111111111
2222222222
3333333333
273
576
141
722
744444
42453
3942219498
3689426
510
592440
2906131
62399858
64431
445
88039581
30133266
54483
386218
69528228
7565792
106916018
7314758
261544
13908400
5916858
477723511
4013683
521
66046624
553
247791949
454
104593
90716740
73354
49788126
6721
546731
22142
388
587144026
7619
46187198
38039
6153
355671422
7347499
7323982153
6801120
5940036
2906763
718
44257
87361
4237570
6739
564212976
431938175
995326
44725900
517254123
923062
32772937
354162624
962
849
7225489
6246298
645727395
9338010
175263989
92
432595234
3717
2521794
9147
76961285
1666358
115782
348465247
58030092
56401417
966126390
362502
369453
7756990
715
268825421
52
219924
1535984
522269473
9623
38259
577704
4692240
7355627
87322548
89
59
36555
40
822
936116564
6702427
999999999
9999900002
9999900001
9999900000
9999800003
9999800002
9999800001
9999800000
9999700004
9999700003
9999700002
9999600006
9999600005
1
2
3
4
5
7
9
987654321
9999923457
5000000000
9234567899
9999900071
