3,4
4,2000
5,1
2,22
6,464
1,1
1,3
1,4
1,5
1,6
1,8
1,10
1,11
1,430818442
1,1000000000
2,1
2,19
2,28
2,39
2,41
2,42
2,45
2,50
2,56
2,57
2,624459040
3,1
3,37
3,94
3,191
3,197
3,202
3,302
3,303
3,328
3,329
3,635838948
4,1
4,607
4,938
4,1073
4,1251
4,1372
4,1389
4,1478
4,1540
4,1541
4,387574968
5,681
5,1234
5,1602
5,1821
5,3273
5,3865
5,5444
5,5514
5,5515
5,449453393
6,1
6,541
6,1130
6,4797
6,8072
6,10206
6,12337
6,12733
6,13956
6,13957
6,957095281
7,1
7,3416
7,4324
7,6683
7,10799
7,14773
7,15287
7,16225
7,21596
7,21597
7,451435243
8,1
8,875
8,4659
8,10578
8,10698
8,10897
8,11643
8,12873
8,14256
8,14257
8,818676059
9,1
16,7821
31,3323
35,3637
38,975045199
39,240352029
46,525154836
50,1
50,1000000000
1,2
8,666
4,4
47,98734
13,13
8,11256
9,100
8,555555
7,20000
6,465
7,1000
8,100
8,2
7,1000009
1,10000
9,65467
7,1000000
8,14000
1,14444
8,10000
17,10007
7,5000
50,1000
5,765
50,99990000
9,200000
12,14455
1,1000
8,12151
8,12
8,200
8,999999
9,1000000
8,1000
8,8
8,101
8,10464
1,103
49,99999999
1,100
8,1000000000
7,10
9,10
50,5
8,112
8,10
8,3
8,50000000
8,12154
50,10000000
49,1000000000
1,20
8,4999
1,12
1,9
7,21595
50,10000
8,1000000
8,100000000
10,1000000000
6,753000
8,500
8,12115
9,2000
8,15200
8,12345
8,12000
8,123
