10,{1, 10},0
2,{1, 10},1
1,{1, 10},1
1,{1, 10},2
10,{5},100
1,{1, 4, 10},1
100,{1, 3, 5, 7, 9, 11, 13, 15, 17, 19, 21, 23, 25, 27, 29, 31, 33, 35, 37, 39, 41, 43, 45, 47, 49, 51, 53, 55, 57, 59, 61, 63, 65, 67, 69, 71, 73, 75, 77, 79, 81, 83, 85, 87, 89, 91, 93, 95, 97, 99},10000
100,{2, 4, 6, 8, 10, 12, 14, 16, 18, 20, 22, 24, 26, 28, 30, 32, 34, 36, 38, 40, 42, 44, 46, 48, 50, 52, 54, 56, 58, 60, 62, 64, 66, 68, 70, 72, 74, 76, 78, 80, 82, 84, 86, 88, 90, 92, 94, 96, 98, 100},10000
1,{1, 100},10000
1,{1, 100},9999
29,{35, 47, 44, 11, 62, 45, 28, 41, 71, 84, 73, 88, 43, 79, 72, 74, 17, 89, 49, 64, 66, 51, 88, 26, 93, 88, 70, 44, 38, 12, 75, 82, 13, 45, 10, 94, 37},190
57,{35, 55, 49, 98, 4, 99, 24, 14, 96, 42, 70, 64, 84, 92, 81, 93, 43, 22, 96},892
96,{15, 52, 88, 25, 40, 26, 29, 18, 21, 43, 62, 6, 79, 92, 14, 76, 16, 5, 54, 65, 90, 35, 65},663
98,{13, 82, 74, 78, 12, 71, 81, 80, 30},154
40,{6, 96, 58, 78, 54, 99, 24, 71, 79, 31, 13, 14, 73, 38, 56, 72, 71, 46, 40, 81, 75, 50, 30, 34, 48, 83, 76, 48, 51, 46, 21, 55, 60, 28, 23, 40, 20, 72, 78, 47, 4, 31, 3, 95, 36, 85, 17},770
34,{28, 75, 86, 65, 3, 95, 19, 82, 67, 71, 74, 30, 46, 31, 48, 56, 46, 32, 83, 28, 5, 66, 1, 23, 73, 95, 25, 35, 27, 42, 20, 61, 43, 1, 12, 56, 85, 62, 56, 62, 22, 79, 100, 56, 24},617
67,{82, 62, 58, 18, 26, 12, 98, 29, 31, 30, 72, 95, 54, 25, 84, 22, 37, 88, 38, 18, 43, 35, 98, 71, 68, 6, 25, 43, 70, 47, 5, 23, 30, 94, 28, 52, 46, 77, 100, 85, 18, 63},247
48,{2, 45, 60, 95, 57, 68, 46, 36, 57, 13, 61, 68, 35, 46, 70, 45, 21, 82, 37, 26, 61, 9, 8, 11, 93, 23, 27, 44, 14, 59, 29, 44, 42, 34, 9, 5, 87, 37, 21},658
6,{1, 51, 45, 78, 99, 10, 60, 66, 87, 90, 20, 36, 75, 89, 65, 51, 19, 52, 15},77
67,{4, 49, 77, 56, 66, 38, 46, 65, 48, 82, 9, 20, 37, 53, 4, 26, 14, 40, 11, 52, 64, 68, 23, 21, 52, 21, 72, 35, 25, 45, 83, 67, 42, 11, 79, 57, 89, 3, 13, 90, 94, 71, 17, 47, 3, 91, 90, 94},463
35,{64, 31, 17, 14, 49, 45, 50, 11, 6, 88, 43, 74, 78, 5, 81, 35, 72, 57, 6, 40, 76, 23, 14, 2},616
61,{41, 100, 17, 100, 22, 80, 9, 48, 90, 5, 61, 35, 27, 37, 99, 11, 8, 65, 71, 56, 17, 86, 27, 96, 59, 32, 50, 25, 74, 28, 85, 7, 66, 12, 49, 7, 46, 34, 60, 79, 84, 9, 54, 67, 54},495
76,{48, 44, 47, 64, 80, 94, 84, 65, 86, 3, 92, 51, 64, 66, 97},623
20,{70, 90, 17, 11, 70, 54, 45, 28, 1, 79},557
72,{27, 68, 99, 71, 48, 85, 13, 92, 26, 76, 74, 96, 15, 37, 81, 100, 62, 95, 55, 51, 14, 28, 80, 96, 54, 8, 28, 32, 42, 19, 92, 75, 30, 79, 88, 68, 49, 60, 48, 19, 74, 47, 25, 11, 22, 93, 31},35
72,{28, 37, 34, 43, 78, 37, 60, 33, 80, 78, 73, 4, 57, 79, 5, 74, 83, 77, 16, 48, 91, 5, 42, 63, 1, 21},851
2,{50, 90, 34, 92, 77, 78, 73, 21, 73, 2, 71, 54, 3, 54, 38, 52, 68, 78, 3, 96, 12, 80, 55, 81, 66},517
93,{73, 95, 61, 93, 69, 64, 37, 25, 37, 72, 36, 65, 59, 30, 40, 87, 94, 29, 88, 61, 67, 93, 93, 22, 8, 15, 99, 53, 90, 66, 22, 38, 25, 99, 85, 72, 17, 51, 84, 94, 65, 92, 80, 54, 38, 17, 90, 94},693
36,{69, 52, 73, 37, 61, 5, 59, 5, 54, 63, 32, 26, 7, 93, 100, 65, 15},849
69,{12, 22, 90, 25, 71, 13, 36, 1, 79, 77, 18, 84, 25, 28, 61, 22, 6, 65, 21, 86, 24, 22, 61, 36, 65, 11},774
4,{91, 49, 21, 1, 23, 79, 37, 37, 78, 80},7714
69,{57, 70, 13, 44, 33, 93, 64, 68, 12, 29, 99, 47, 29, 18, 46, 19, 11, 1, 100, 69, 19, 59, 68, 37, 98, 74, 94, 77, 80, 48, 39, 51, 19, 99, 99, 33, 51, 82, 36, 63, 1, 77, 8, 69, 86},8786
21,{16, 10, 86, 13, 74, 73, 49, 47, 59, 82, 53, 76, 60, 50, 18, 96, 30, 70, 63, 87, 49, 32, 40, 100, 78, 8, 61, 99, 87, 19},6822
48,{53, 76, 95, 82, 78, 83, 46, 16, 63, 90, 91, 72, 7, 32, 36, 95, 34, 23, 43},4802
60,{31, 7, 49, 5, 75, 44, 93, 54, 92, 49, 67, 6, 43, 93, 47, 9, 22, 55, 35, 74, 88, 29, 72, 42, 20, 72, 31, 49, 44, 57, 54},2736
15,{55, 53, 2, 48, 98, 33, 51, 39, 27, 64, 48, 87, 73, 75, 10, 83, 41},5988
89,{70, 35, 76, 90, 16, 64, 5, 90, 30, 82, 91, 57, 33, 13, 44, 88, 74, 93, 35, 18, 89, 2, 22, 85, 62, 67, 93, 32, 25, 85, 86, 44},9543
25,{78, 91, 22, 98, 54, 91, 37, 31, 63, 53, 13, 17, 9, 43, 20, 70, 26, 31, 17, 79},4711
87,{18, 67, 24, 22, 82, 98, 84, 17, 16, 33, 92, 39, 94, 46, 99, 16, 54, 74, 92, 61, 73, 94, 86, 48, 19, 20, 39, 41, 51, 47, 98, 81, 67, 50, 54, 94, 31, 18, 27},218
1,{98, 28, 8, 78, 5, 84, 41, 29, 16, 86, 97, 12, 20, 4, 64, 65, 8, 76, 27, 67, 63, 85, 3, 31, 17, 33, 66, 34, 67, 13, 39, 14, 95, 54, 64, 40, 98, 64, 66, 7, 65, 20, 4, 70, 54},4761
8,{14, 13, 48, 49, 1, 41, 9, 67, 33, 74, 90, 33, 57, 51, 2, 95, 46, 98, 1, 63},7607
46,{55, 60, 89, 58, 47, 30, 75, 85, 15, 54, 23, 59, 27, 24, 84, 8, 90, 67, 35, 100, 50, 10, 9, 31, 98, 55, 5, 72, 7, 6, 8, 13, 99, 68, 89, 75, 76, 36, 48, 39, 81},2800
36,{49, 30, 19, 11, 96, 32, 50, 42, 69, 21, 12, 16, 38, 50, 97, 85, 98, 71, 11, 28, 28, 45, 82, 50},7386
82,{85, 93, 78, 98, 22, 56, 6, 54, 78, 5, 61, 87, 95, 32, 66, 94, 83, 95, 17, 73, 32, 96, 100, 11, 37, 94, 31, 35, 1, 23, 33, 67, 61, 36, 76, 54, 13, 17, 23, 26, 51, 99, 50, 35},7873
67,{9},2435
6,{80, 95, 26, 17, 92, 74, 65, 49, 26, 69, 66, 51, 1, 73, 9, 38, 2, 47, 15, 58, 18, 40, 36, 89, 52, 40, 27, 32, 64, 69, 40, 30, 25, 34, 70, 55, 54, 99},1038
74,{9, 19, 21, 6, 65, 44, 82, 70, 24, 92, 89, 53, 73, 12, 17, 48, 74, 13, 56, 5, 91, 64, 31, 3, 24, 60, 20, 30, 57, 87, 4, 43, 6, 45, 87, 46, 92, 27, 31, 43, 75, 51},4122
7,{25, 73, 64, 71, 82, 77, 99, 7},948
42,{78, 30, 14, 33, 53, 62, 86, 10, 48, 71, 56, 27, 93, 100, 35, 22, 18, 60, 42},2303
65,{43, 20, 44, 34, 3, 78, 86, 46, 68, 7, 64, 40, 30, 43, 33, 26},4626
71,{72, 69, 14, 58, 3, 46, 13, 91, 28, 68, 62, 72, 19, 47, 26, 26, 100, 67, 62, 44, 79, 84, 41, 100, 85, 74, 31, 70, 89, 23, 5, 14, 65, 60, 99, 81, 38, 97, 66, 41, 89, 35, 7, 13, 25},6347
72,{7, 92, 45, 21, 18, 7, 7, 63, 9, 57, 13, 88, 72, 96, 65, 71, 55, 29, 81, 63, 43, 82, 69, 100, 14, 46, 26, 34, 67, 66, 59, 33, 73, 75, 83, 65, 33, 36, 59, 83},3275
78,{37},3189
35,{74, 79, 38, 30, 64, 76, 93, 100, 51, 61, 56, 90, 59, 85, 54},8984
31,{42, 49, 95, 4, 86, 86, 68, 50, 42, 87, 15, 90, 63, 64, 5, 85, 83, 69, 35, 21, 27, 50, 82, 48, 27, 8, 21, 86, 86, 55, 18, 52, 5, 28, 67, 47, 95, 80, 86, 59, 79, 37, 10, 50, 86, 76, 64, 23, 6, 40},3461
62,{67, 4, 7, 33, 78, 11, 84, 48, 91, 73, 66, 81, 31, 65, 61, 48, 23, 5, 89, 40, 12, 49, 32, 88, 48, 88, 59, 82, 93, 50, 5, 16, 90, 1, 88, 83, 66, 76, 13, 65, 60, 84, 26, 41, 78},9293
94,{21, 11, 19, 31, 21, 73, 16, 65, 64, 35, 54, 39, 56, 36, 15, 80, 68, 21, 94, 35, 93, 69, 37, 83, 67, 72},1100
73,{94, 8, 4, 41, 59, 84, 93, 94, 75, 15, 55, 21, 9, 5, 31, 68, 32, 96, 12, 23, 61, 34, 42, 92, 5, 62, 77, 56, 93, 69, 70, 99, 41, 86, 41, 12},6707
22,{93, 14, 42, 62, 54, 71, 93, 18, 87, 88, 24, 64},116
99,{99, 26, 21, 54, 100, 80, 20, 47, 23, 73, 20, 43, 33, 8, 49, 98, 76},4932
22,{69, 89, 85, 67, 26, 78, 86},1358
53,{40, 22, 57, 75, 15, 71, 87, 83, 7, 100},4914
26,{18, 36, 94, 85, 47, 78, 69, 19, 99, 9, 4, 35, 29, 53, 66, 77, 9, 58, 31, 48, 24, 19, 20, 49, 21, 89, 64, 18, 71, 54, 1, 74, 61, 70, 32},3386
6,{53, 67, 43, 3, 59, 49, 88, 80, 76, 46, 3, 29, 58, 10, 80, 23, 60, 33, 24, 67, 94, 21, 86, 47, 20, 34, 72, 77, 80, 25, 55, 74, 42, 5, 86, 12, 26, 58, 15, 14, 8, 91, 47, 35, 58, 83, 52, 93, 82},6815
21,{100, 18, 51, 64, 26, 60, 61, 94, 18, 39, 32, 63, 57},4723
92,{55, 41, 78, 49, 2, 96, 38, 31, 50, 17, 32, 27, 39, 18, 75, 75, 78, 63, 10, 58, 32, 22, 42, 35, 21, 1, 12, 63, 11, 38, 48, 3},1725
26,{25, 73, 78, 54, 91, 12, 98, 30, 26, 53, 52, 15, 95, 23, 34, 19, 32, 69, 74, 66, 46, 20, 97, 67, 46, 83, 59, 23, 41, 7, 27, 23, 59, 61, 12},6292
67,{14, 27, 42, 99, 61, 84, 96, 79, 95, 42},5592
17,{53, 89, 41, 62, 58, 33, 4, 6, 80, 94, 13, 36, 70, 54, 41, 58, 18, 1, 44, 20, 97, 22, 100, 30, 6, 62},1200
85,{11, 70, 6, 2, 25},3189
10,{66, 69, 43, 27, 69, 9, 46, 53, 86, 77, 94, 68, 36, 37, 7, 39, 71, 96, 31, 96, 37, 98},6946
100,{22, 52, 74, 25, 11, 55, 35, 48, 51, 28, 49, 51, 50, 28, 70, 48, 21, 35, 1, 34, 95, 86, 13, 33, 99},0
1,{10, 20, 30, 40, 50, 60, 70, 80, 90, 100},10
98,{13, 82, 74, 78, 12, 71, 81, 80, 30},154
100,{100},10000
100,{42, 68, 35, 1, 70, 25, 79, 59, 63, 65, 6, 46, 82, 28, 62, 92, 96, 43, 28, 37, 92, 5, 3, 54, 93, 83, 22, 17, 19, 96, 48, 27, 72, 39, 70, 13, 68, 100, 36, 95, 4, 12, 23, 34, 74, 65, 42, 12, 54, 69},10000
100,{34, 34, 2, 3, 5, 6, 3, 3, 45, 6, 34, 3, 4, 5, 4, 3, 2, 4, 5, 4, 3, 5, 6, 3, 3, 45, 6, 4, 3, 4, 5, 6, 4, 3, 3, 45, 6, 4, 4, 6, 4, 3, 3, 5, 6, 4, 4, 5, 6, 4},10000
100,{10, 10, 10, 10, 10, 10, 10, 10, 10, 10, 10, 10, 10, 10, 10, 10, 10, 10, 10, 10, 10, 10, 10, 10, 10, 10, 10, 10, 10, 10, 10, 10, 10, 10, 10, 10, 10, 10, 10, 10, 10, 10, 10, 10, 10, 10, 10, 10, 10, 10},10000
2,{1},10000
10,{10},10
22,{11},1004
10,{1},0
100,{100, 100, 100, 100, 100, 100, 100, 100, 100, 100, 100, 100, 100, 100, 100, 100, 100, 100, 100, 100, 100, 100, 100, 100, 100, 100, 100, 100, 100, 100, 100, 100, 100, 100, 100, 100, 100, 100, 100, 100, 100, 100, 100, 100, 100, 100, 100, 100, 100, 100},10000
2,{3},4
100,{100},100
100,{20},10000
50,{3, 5, 2, 8, 99, 48, 4, 8, 46, 11, 3, 5, 2, 8, 99, 48, 4, 8, 46, 11, 3, 5, 2, 8, 99, 48, 4, 8, 46, 11, 3, 5, 2, 8, 99, 48, 4, 8, 46, 11, 3, 5, 2, 8, 99, 48, 4, 8, 46, 11},434
100,{13, 82, 74, 78, 12, 71, 81, 80, 30},10000
3,{1},10000
