2,3,100,400,200
2,3,100,400,300
5,5,464,464,464
1,4,20,-30,-10
9,1,-1,-10,4
1,1,0,0,0
100,100,1000,1000,1000
100,100,-1000,-1000,-1000
46,18,-99,253,76
46,18,-99,252,77
46,18,-99,253,77
4,61,379,565,277
29,86,-664,465,-199
98,26,944,565,126
96,96,-221,310,782
41,79,733,110,843
87,16,969,-997,549
33,33,-976,-185,-313
29,12,947,731,-886
46,28,166,238,655
40,2,-792,-48,-488
21,50,-611,456,-155
41,41,-767,792,-947
18,32,-408,-533,-956
12,48,-767,-747,-27
34,34,-120,-857,918
36,37,-795,183,-612
92,92,978,563,624
97,97,530,244,-168
77,77,12,-239,956
82,99,-494,33,-544
100,4,20,-300,-1
45,23,-74,67,24
2,2,500,200,100
8,2,2,4,8
100,100,999,998,-999
100,100,-1000,-1000,500
10,10,1,1,100
63,65,-700,-258,-952
99,56,3,2,45
7,4,-5,-2,0
3,2,2,3,3
100,100,100,200,300
2,2,-5,-5,-5
7,8,1000,1000,1
10,10,300,300,1
10,10,-10,1,0
54,69,522,-630,-17
5,3,100,200,-500
10,1,10,501,500
2,1,1000,900,100
2,2,100,300,250
100,100,2,1,1
10,9,1,10,9
10,4,400,500,450
1,1,2,-6,2
1,1,1,1,10
100,90,20,19,21
2,3,400,100,300
